884.83
258.24
187.12
109.32
61.24
59.21
80.27
63.04
18.61
8.69
6.49
5.83
5.39
5.2
4.99
4.95
4.86
4.86
5.04
5.3
5.63
5.72
5.48
4.77
4.36
34.75
884.83
258.24
187.12
109.32
61.24
59.21
80.27
63.04
18.61
8.69
6.49
5.83
5.39
5.2
4.99
4.95
4.86
4.86
5.04
5.3
5.63
5.72
5.48
4.77
4.36
34.75
2380.56
721.98
531.16
311.1
186.93
187.25
258.57
218.61
86.96
54.59
47.92
46.19
44.49
44.59
44.33
45.11
45.08
45.44
47.04
49.16
51.79
52.53
50.32
44.31
40.79
332.5
2380.56
721.98
531.16
311.1
186.93
187.25
258.57
218.61
86.96
54.59
47.92
46.19
44.49
44.59
44.33
45.11
45.08
45.44
47.04
49.16
51.79
52.53
50.32
44.31
40.79
332.5
279.01
86.01
63.63
37.64
23.15
23.4
32.11
27.13
11.58
7.72
6.93
6.73
6.5
6.53
6.5
6.62
6.6
6.63
6.84
7.08
7.39
7.45
7.17
6.36
5.89
49.05
279.01
86.01
63.63
37.64
23.15
23.4
32.11
27.13
11.58
7.72
6.93
6.73
6.5
6.53
6.5
6.62
6.6
6.63
6.84
7.08
7.39
7.45
7.17
6.36
5.89
49.05