2254.2016822369333     
   1400.5236540759918     
   1325.4399847145132     
   1191.1839370387088     
   1085.3687062506297     
   1098.7810089517254     
   1148.8808463876956     
   1174.6547311156201     
   1180.8049848493297     
   1200.8250252366227     
   1181.1856355307552     
   1152.6990303830116     
   1116.2279481894482     
   1088.5273081437938     
   1022.4149549747541     
   931.25211224145573     
   833.78852445828420     
   723.43301143002998     
   605.62792895539337     
   482.53385179397736     
   409.37546784127733     
   302.49299348918947     
   214.42281624670389     
   163.79877389748245     
   106.33389360629846     
   196.42283370797588     
   2382.4534937864914     
   1472.4953164178769     
   1396.6374881319930     
   1217.5142059845225     
   1115.9057148088066     
   1125.6165176621782     
   1166.1125658846124     
   1200.2526356440210     
   1226.1085689466256     
   1222.6921700122473     
   1184.2525902861084     
   1157.5290448905803     
   1095.0285648864601     
   1072.8720987118058     
   1031.7482970148710     
   899.70561820208979     
   855.01762870528671     
   735.98938573205362     
   609.08755328816835     
   492.13627190750799     
   400.01026881818143     
   328.65837194962614     
   214.79961264658530     
   151.24518414590389     
   109.78893167256852     
   182.01481673467637     
   16407.109432512094     
   12172.357501238248     
   12016.379599540256     
   11064.014753172483     
   10459.543832249430     
   10589.973159773843     
   10886.694473421592     
   11293.680813216833     
   11681.368391848049     
   11832.841191110710     
   11685.733816657254     
   11199.515421693126     
   10870.342949837239     
   10603.675870363921     
   10062.404841874129     
   9221.8876588529147     
   8259.3102994767087     
   7056.0520477788787     
   5909.4101107321912     
   4876.7886044874194     
   4009.7829658421388     
   3004.6432488054966     
   2207.0116774553248     
   1521.4105604163024     
   1071.9247518273173     
   1861.1590934977974     
   17758.787856174669     
   12956.973107544243     
   12365.875619162065     
   11540.880850799887     
   10768.739063968689     
   10716.641442637923     
   11100.173257636196     
   11424.567559019988     
   11793.654712201524     
   11969.219740361134     
   11735.114871357189     
   11305.833774801426     
   10950.584589818383     
   10648.193480938979     
   10074.584911106898     
   9304.1533166101999     
   8266.8438126581859     
   7129.2280142220279     
   5900.8844228804537     
   4928.8297855702885     
   3962.4831980615963     
   3010.9330592409142     
   2188.5091200135303     
   1548.8253443244148     
   1093.2902496930903     
   1907.7094220682318     
   2411.9912313131636     
   1812.4267135920611     
   1803.0494709518293     
   1634.0109743326354     
   1570.1088010540489     
   1568.1839023486084     
   1656.3965759089911     
   1708.2919404599236     
   1714.8860889408668     
   1779.4125827180098     
   1808.0619435452313     
   1687.1744397612517     
   1615.0508249025729     
   1586.8434507510262     
   1531.6838486311958     
   1395.2039225436627     
   1258.2214447552551     
   1077.5410400066378     
   888.33087687500472     
   715.54065695649376     
   593.16106363123936     
   447.25792014732832     
   343.39253354359863     
   236.12405773896685     
   147.92775946011042     
   298.24530373478262     
   2579.3072230799098     
   1900.2310953039023     
   1867.5617793400870     
   1718.6278465120693     
   1604.6903028661400     
   1603.6479461692468     
   1681.9264888467133     
   1719.3850514961362     
   1769.1233930665194     
   1807.5466071135927     
   1727.9889171769348     
   1704.0243480755864     
   1654.7221759252880     
   1601.0819953958055     
   1533.9376921022215     
   1388.1003059718969     
   1251.6172248979462     
   1085.0574216051116     
   903.84039711097182     
   726.47701717130769     
   595.52406294352261     
   464.28812419587405     
   345.82575689659575     
   241.38411465402984     
   160.44226015429305     
   287.74930794622298 
