   318.01586706103672        308.80828730947474        300.31569747817343        292.56371686782529        285.57830374441517        279.38575809398247        274.01272441426278        269.48619454347318        265.83351052658145        263.08236751936556        261.26081673059554        260.39726840266400        260.52049483100387        261.65963342263098        263.84418979413306        267.10404090949436        271.46943825805710        276.97101107300375        283.63976959073239        291.50710835144628     
   304.53871870958562        295.25949060108292        286.70324950831383        278.89592058509180        271.86377341668356        265.63342485461612        260.23184188949983        255.68634456215767        252.02460891343094        249.27466997298166        247.46492478739745        246.62413548797770        246.78143239853142        247.96631718352745        250.20866603697095        253.53873291232597        257.98715279390393        263.58494501002662        270.36351658836440        278.35466565384735     
   292.25965030166265        282.91685312008462        274.30446747274198        266.44870403477694        259.37612312789082        253.11363763341001        247.68851594449029        243.12838495777089        239.46123310486752        236.71541342396236        234.91964667192974        234.10302447727804        234.29501253430050        235.52545383877921        237.82457196560472        241.22297438869188        245.75165584354926        251.44200173288391        258.32579157564118        266.43520249982515     
   281.22665154041272        271.83000950260544        263.17067495480336        255.27512461708130        248.17018983095284        241.88305954905547        236.44128336508066        231.87277458426144        228.20581333479220        225.46904972050493        223.69150701517594        222.90258489881410        223.13206273629964        224.41010289873952        226.76725412790375        230.23445494413727        234.84303709812309        240.62472906685554        247.61165959427299        255.83636127688169     
   271.48233844346964        262.04308661469008        253.34755119460556        245.42245628768518        238.29488536478968        231.99228432799924        226.54246461672520        221.97360635549188        218.31426154370826        215.59335728781397        213.84019907614629        213.08447409691328        213.35625459963148        214.68600130041102        217.10456683146867        220.64319923525215        225.33354550357274        231.20765516212850        238.29798390083053        246.63739725032406     
   263.06361400437049        253.59434934521897        244.87476154002053        236.93180418320327        229.79279476027190        223.48541778637889        218.03772798726541        213.47815352291303        209.83549925425311        207.13895005333617        205.41807415729909        204.70282656653569        205.02355248742600        206.41099082002796        208.89627769110882        212.51095003291201        217.28694920807277        223.25662468104395        230.45273773649870        238.90846524505827     
   256.00143467887023        246.51595632838377        237.78570205230182        229.83783774911154        222.69989752155735        216.39978688776910        210.96578603575986        206.42655312169813        202.81112761228457        200.14893367166508        198.46978359320084        197.80388127651980        198.18182575023101        199.63461474066708        202.19364828710172        205.89073240378508        210.75808278926118        216.82832858332057        224.13451617204834        232.71011304135345     
   250.32067976723002        240.83382251566599        232.10735502859049        224.16863896778045        217.04540830884707        210.76577262378129        205.35822040791314        200.85162245167959        197.27523525756203        194.65870450259382        193.03206854680900        192.42576198804502        192.87061926346860        194.39787829826025        197.03918420182026        200.82659301195383        205.79257548739511        211.97002094913444        219.39224117094258        228.09297431951961     
   246.04011877934511        236.56758346155499        227.86025007461222        219.94566008074338        212.85173116873642        206.60676060692725        201.23942864163251        196.77880194140542        193.25433708756202        190.69588411128478        189.13369007776760        188.59840271778086        189.12107410705119        190.73316439387648        193.46654557538835        197.35350532287788        202.42675085660426        208.71941287051396        216.26504950730302        225.09765038423191     
   243.17247017643533        233.73065443600197        225.05852355063334        217.18378332863614        210.13451952637772        203.93920127081259        198.62668452848538        194.22621562142336        190.76743479033485        188.28037980547009        186.79548962559824        186.34360810548600        186.95598775228430        188.66429353126861        191.50060672132659        195.49742882064390        200.68768550299339        207.10473062509533        214.78235028544603        223.75476693509682     
   241.72454349027777        232.33037603874777        223.71006772992646        215.89147370217074        208.90283257649287        202.77276994778572        197.53030192359427        193.20483871082439        189.82618825083796        187.42455990329188        186.03056817917911        185.67523652349135        186.39000114788175        188.20671491382669        191.15765126665414        195.27550822091922        200.59341239755105        207.14492311320910        214.96403652231550        224.08518981220308     
   241.69745572811232        232.36823686498252        223.81675985025515        216.07101450513585        209.15937748411147        203.11061583409438        197.95389060216593        193.71876049236346        190.43518557192553        188.13353102738898        186.84457097101370        186.59949229792167        187.42989859442235        189.36781409793679        192.44568770898445        196.69639705568261        202.15325261118315        208.85000186454533        216.82083354547137        226.10038190339341     
   243.08691217123166        233.84016295003340        225.37476039537910        217.71881466526818        210.90082591911877        204.94968794403150        199.89469183076548        195.76552969982754        192.59229847814763        190.40550372673948        189.23606351980379        189.11531237572291        190.07500524039341        192.14732152333966        195.36486918708766        199.76068889024037        205.36825818473005        212.22149576773290        220.35476578869813        229.80288221196531     
   245.88354115420958        236.73686318815066        228.37486939963179        220.82577617372590        214.11819288255572        208.28112557782839        203.34398073423026        199.33656904404427        196.28910926347550        194.23223211113603        193.19698421913080        193.21483213720896        194.31766639045094        196.53780559096305        199.90800060402208        204.46143876920797        210.23174817694354        217.25300200096683        225.55972288721793        235.18688739962735     
   250.07327215171136        241.04421965787500        232.80292930361679        225.37770976685269        218.79726551404448        213.09070055812808        208.28752226838617        204.41764523273412        201.51139517285333        199.59951291264770        198.71315840052767        198.88391478594150        200.14379255068343        202.52523369542922        206.06111598203523        210.78475723203240        216.72991968187864        223.93081439542897        232.42210573415861        242.23891588564791     
   255.63774647955501        246.74371177106792        238.64026287920387        231.35578695991228        224.91906957189843        219.35929849889092        214.70606762495566        210.98938086342946        208.23965613984780        206.48772942943617        205.76485884960300        206.10272880795540        207.53345420632550        210.08958470130733        213.80410902183155        218.71045934428452        224.84251572567049        232.23461059538184        240.92153330607400        250.93853474419188     
   262.55475011253026        253.81286337008453        245.86413496120468        238.73701677412680        232.46036152207336        227.06342662856909        222.57587816701573        219.02779485500434        216.44967210388717        214.87242612409392        214.32739808669476        214.84635834176794        216.46151069402265        219.20549673626846        223.11140024122139        228.21275161218665        234.54353239319130        242.13817983905960        251.03159154602326        261.25913014342223     
   270.79865850882379        262.22570230163547        254.44822714455847        247.49473593757781        241.39413462968974        236.17573616579540        231.86926448902472        228.50485859899618        226.11307666655324        224.72490020547053        224.37173830168473        225.08543190057046        226.89825815281441        229.84293481941620        233.95262473639218        239.26094033972464        245.80194825111539        253.61017392513264        262.72060635831338        273.16870286081019     
   280.34088388447213        271.95322257076361        264.36311520242208        257.59910195923175        251.69012808820875        246.66554791029085        242.55512888362864        239.38905572404326        237.19793458314649        236.01279728469603        235.86510561972261        236.78675570101186        238.81008237745976        241.96786370892323        246.29332550210506        251.82014590805829        258.58246008193686        266.61486490552289        275.95242377319022        286.63067144187568     
   291.15031607619642        282.96383989784579        275.57673972521076        269.01757924580056        263.31532901788188        258.49937053487440        254.59950034750435        251.64593424432098        249.66931149108299        248.70069912963987        248.77159633684155        249.91393884407120        252.16010341799256        255.54291240309510        260.09563832665265        265.85200856668706        272.84621008355202        281.11289421578397        290.68718154080261        301.60466680113518     
