7.05E-02		0.002153953953954			682.47844238411
7.05E-02		0.002154654654655			682.075800584098
7.05E-02		0.002155355355355			681.673158784087
7.06E-02		0.002156056056056			681.270516984076
7.06E-02		0.002156756756757			680.867875184064
7.06E-02		0.002157457457457			680.465233384053
0.070658658658659		0.002158158158158			680.062591584042
7.07E-02		0.002158858858859			679.659949784031
7.07E-02		0.00215955955956			679.25730798402
7.08E-02		0.00216026026026			678.854666184008
7.08E-02		0.002160960960961			678.452024383997
7.08E-02		0.002161661661662			678.049382583986
7.09E-02		0.002162362362362			677.646740783975
7.09E-02		0.002163063063063			677.244098983964
7.09E-02		0.002163763763764			676.841457183952
7.09E-02		0.002164464464464			676.438815383941
7.10E-02		0.002165165165165			676.03617358393
7.10E-02		0.002165865865866			675.633531783919
7.10E-02		0.002166566566567			675.230889983907
7.11E-02		0.002167267267267			674.828248183896
0.071107107107107		0.002167967967968			674.425606383885
7.11E-02		0.002168668668669			674.022964583874
7.12E-02		0.002169369369369			673.620322783862
7.12E-02		0.00217007007007			673.217680983851
7.12E-02		0.002170770770771			672.831041232973
7.13E-02		0.002171471471471			672.463720840136
7.13E-02		0.002172172172172			672.096400447299
7.13E-02		0.002172872872873			671.729080054463
7.14E-02		0.002173573573574			671.361759661626
7.14E-02		0.002174274274274			670.994439268789
7.14E-02		0.002174974974975			670.627118875952
7.15E-02		0.002175675675676			670.259798483115
7.15E-02		0.002176376376376			669.892478090278
7.15E-02		0.002177077077077			669.525157697441
0.071555555555556		0.002177777777778			669.157837304604
7.16E-02		0.002178478478478			668.790516911767
7.16E-02		0.002179179179179			668.423196518931
7.17E-02		0.00217987987988			668.055876126094
7.17E-02		0.002180580580581			667.688555733257
7.17E-02		0.002181281281281			667.32123534042
7.17E-02		0.002181981981982			666.953914947583
7.18E-02		0.002182682682683			666.586594554746
7.18E-02		0.002183383383383			666.219274161909
7.18E-02		0.002184084084084			665.851953769072
7.19E-02		0.002184784784785			665.484633376235
7.19E-02		0.002185485485485			665.117312983399
7.19E-02		0.002186186186186			664.749992590562
7.20E-02		0.002186886886887			664.382672197725
0.072004004004004		0.002187587587588			664.015351804888
7.20E-02		0.002188288288288			663.648031412051
7.21E-02		0.002188988988989			663.280711019214
7.21E-02		0.00218968968969			662.913390626377
7.21E-02		0.00219039039039			662.54607023354
7.22E-02		0.002191091091091			662.178749840703
7.22E-02		0.002191791791792			661.811502324416
7.22E-02		0.002192492492493			661.444374223912
7.23E-02		0.002193193193193			661.077246123409
7.23E-02		0.002193893893894			660.710118022905
7.23E-02		0.002194594594595			660.342989922402
7.24E-02		0.002195295295295			659.975861821898
7.24E-02		0.002195995995996			659.608733721394
7.24E-02		0.002196696696697			659.241605620891
0.072452452452453		0.002197397397397			658.874477520387
7.25E-02		0.002198098098098			658.507349419883
7.25E-02		0.002198798798799			658.14022131938
7.25E-02		0.0021994994995			657.773093218876
7.26E-02		0.0022002002002			657.405965118373
7.26E-02		0.002200900900901			657.038837017869
7.26E-02		0.002201601601602			656.671708917365
7.27E-02		0.002202302302302			656.304580816862
7.27E-02		0.002203003003003			655.937452716358
7.27E-02		0.002203703703704			655.570324615855
7.28E-02		0.002204404404404			655.203196515351
7.28E-02		0.002205105105105			654.836068414847
7.28E-02		0.002205805805806			654.468940314344
7.29E-02		0.002206506506507			654.10181221384
0.072900900900901		0.002207207207207			653.734684113337
7.29E-02		0.002207907907908			653.378084421888
7.30E-02		0.002208608608609			653.045173650814
7.30E-02		0.002209309309309			652.712262879739
7.30E-02		0.00221001001001			652.379352108665
7.31E-02		0.002210710710711			652.04644133759
7.31E-02		0.002211411411411			651.713530566516
7.31E-02		0.002212112112112			651.380619795441
7.32E-02		0.002212812812813			651.047709024367
7.32E-02		0.002213513513514			650.714798253293
7.32E-02		0.002214214214214			650.381887482218
7.33E-02		0.002214914914915			650.048976711144
7.33E-02		0.002215615615616			649.716065940069
7.33E-02		0.002216316316316			649.383155168995
0.073349349349349		0.002217017017017			649.05024439792
7.34E-02		0.002217717717718			648.717333626846
7.34E-02		0.002218418418418			648.384422855771
7.34E-02		0.002219119119119			648.051512084697
7.35E-02		0.00221981981982			647.718601313623
7.35E-02		0.002220520520521			647.385690542548
7.35E-02		0.002221221221221			647.052779771474
7.36E-02		0.002221921921922			646.719869000399
7.36E-02		0.002222622622623			646.386958229325
7.36E-02		0.002223323323323			646.05404745825
7.37E-02		0.002224024024024			645.721136687176
7.37E-02		0.002224724724725			645.388225916101
7.37E-02		0.002225425425425			645.055315145027
7.38E-02		0.002226126126126			644.722404373953
0.073797797797798		0.002226826826827			644.389493602878
0.07382982982983		0.002227527527528			644.056582831804
0.073861861861862		0.002228228228228			643.723672060729
0.073893893893894		0.002228928928929			643.390761289655
0.073925925925926		0.00222962962963			643.05785051858
0.073957957957958		0.00223033033033			642.724939747506
0.07398998998999		0.002231031031031			642.392028976431
0.074022022022022		0.002231731731732			642.059118205357
0.074054054054054		0.002232432432432			641.726207434283
0.074086086086086		0.002233133133133			641.393296663208
0.074118118118118		0.002233833833834			641.060385892134
0.07415015015015		0.002234534534535			640.727475121059
0.074182182182182		0.002235235235235			640.394564349985
0.074214214214214		0.002235935935936			640.06165357891
0.074246246246246		0.002236636636637			639.728742807836
0.074278278278278		0.002237337337337			639.395832036761
0.07431031031031		0.002238038038038			639.062921265687
0.074342342342342		0.002238738738739			638.730010494613
0.074374374374374		0.002239439439439			638.397099723538
0.074406406406407		0.00224014014014			638.064188952464
0.074438438438439		0.002240840840841			637.742009010592
0.074470470470471		0.002241541541542			637.447148159138
0.074502502502503		0.002242242242242			637.152287307683
0.074534534534535		0.002242942942943			636.857426456229
0.074566566566567		0.002243643643644			636.562565604775
0.074598598598599		0.002244344344344			636.267704753321
0.074630630630631		0.002245045045045			635.972843901866
0.074662662662663		0.002245745745746			635.677983050412
0.074694694694695		0.002246446446446			635.383122198958
0.074726726726727		0.002247147147147			635.088261347504
0.074758758758759		0.002247847847848			634.793400496049
0.074790790790791		0.002248548548549			634.498539644595
0.074822822822823		0.002249249249249			634.203678793141
0.074854854854855		0.00224994994995			633.908817941686
0.074886886886887		0.002250650650651			633.613957090232
0.074918918918919		0.002251351351351			633.319096238778
0.074950950950951		0.002252052052052			633.024235387323
0.074982982982983		0.002252752752753			632.729374535869
0.075015015015015		0.002253453453453			632.434513684415
0.075047047047047		0.002254154154154			632.13965283296
0.075079079079079		0.002254854854855			631.844791981506
0.075111111111111		0.002255555555556			631.549931130052
0.075143143143143		0.002256256256256			631.255070278598
0.075175175175175		0.002256956956957			630.960209427144
0.075207207207207		0.002257657657658			630.665348575689
0.075239239239239		0.002258358358358			630.370487724235
0.075271271271271		0.002259059059059			630.075626872781
0.075303303303303		0.00225975975976			629.780766021326
0.075335335335335		0.00226046046046			629.485905169872
0.075367367367367		0.002261161161161			629.191044318418
0.0753993993994		0.002261861861862			628.91284781002
0.075431431431432		0.002262562562563			628.654093035188
0.075463463463464		0.002263263263263			628.395338260356
0.075495495495496		0.002263963963964			628.136583485525
0.075527527527528		0.002264664664665			627.877828710693
0.07555955955956		0.002265365365365			627.619073935861
0.075591591591592		0.002266066066066			627.360319161029
0.075623623623624		0.002266766766767			627.101564386197
0.075655655655656		0.002267467467467			626.842809611366
0.075687687687688		0.002268168168168			626.584054836534
0.07571971971972		0.002268868868869			626.325300061702
0.075751751751752		0.00226956956957			626.066545286871
0.075783783783784		0.00227027027027			625.807790512039
0.075815815815816		0.002270970970971			625.549035737207
0.075847847847848		0.002271671671672			625.290280962375
0.07587987987988		0.002272372372372			625.031526187543
0.075911911911912		0.002273073073073			624.772771412711
0.075943943943944		0.002273773773774			624.51401663788
0.075975975975976		0.002274474474474			624.255261863048
0.076008008008008		0.002275175175175			623.996507088216
0.07604004004004		0.002275875875876			623.737752313384
0.076072072072072		0.002276576576577			623.478997538553
0.076104104104104		0.002277277277277			623.220242763721
0.076136136136136		0.002277977977978			622.961487988889
0.076168168168168		0.002278678678679			622.702733214057
0.0762002002002		0.002279379379379			622.443978439226
0.076232232232232		0.00228008008008			622.185223664394
0.076264264264264		0.002280780780781			621.926468889562
0.076296296296296		0.002281481481481			621.66771411473
0.076328328328328		0.002282182182182			621.408959339898
0.07636036036036		0.002282882882883			621.150204565067
0.076392392392392		0.002283583583584			620.892655564807
0.076424424424425		0.002284284284284			620.636936544101
0.076456456456457		0.002284984984985			620.381217523394
0.076488488488489		0.002285685685686			620.125498502688
0.076520520520521		0.002286386386386			619.869779481981
0.076552552552553		0.002287087087087			619.614060461275
0.076584584584585		0.002287787787788			619.358341440569
0.076616616616617		0.002288488488488			619.102622419862
0.076648648648649		0.002289189189189			618.846903399156
0.076680680680681		0.00228988988989			618.59118437845
0.076712712712713		0.002290590590591			618.335465357743
0.076744744744745		0.002291291291291			618.079746337037
0.076776776776777		0.002291991991992			617.824027316331
0.076808808808809		0.002292692692693			617.568308295624
0.076840840840841		0.002293393393393			617.312589274918
0.076872872872873		0.002294094094094			617.056870254212
0.076904904904905		0.002294794794795			616.801151233505
0.076936936936937		0.002295495495496			616.545432212799
0.076968968968969		0.002296196196196			616.289713192093
0.077001001001001		0.002296896896897			616.033994171386
0.077033033033033		0.002297597597598			615.77827515068
0.077065065065065		0.002298298298298			615.522556129973
0.077097097097097		0.002298998998999			615.266837109267
0.077129129129129		0.0022996996997			615.011118088561
0.077161161161161		0.0023004004004			614.755399067854
0.077193193193193		0.002301101101101			614.499680047148
0.077225225225225		0.002301801801802			614.243961026442
0.077257257257257		0.002302502502503			613.988242005735
0.077289289289289		0.002303203203203			613.732522985029
0.077321321321321		0.002303903903904			613.476803964322
0.077353353353353		0.002304604604605			613.221084943616
0.077385385385385		0.002305305305305			612.96536592291
0.077417417417418		0.002306006006006			612.709646902203
0.07744944944945		0.002306706706707			612.453927881497
0.077481481481482		0.002307407407407			612.198208860791
0.077513513513514		0.002308108108108			611.942489840084
0.077545545545546		0.002308808808809			611.686770819378
0.077577577577578		0.00230950950951			611.431051798672
0.07760960960961		0.00231021021021			611.175332777965
0.077641641641642		0.002310910910911			610.919613757259
0.077673673673674		0.002311611611612			610.663894736553
0.077705705705706		0.002312312312312			610.41152134915
0.077737737737738		0.002313013013013			610.195170055593
0.07776976976977		0.002313713713714			609.978818762036
0.077801801801802		0.002314414414414			609.762467468478
0.077833833833834		0.002315115115115			609.546116174921
0.077865865865866		0.002315815815816			609.355180363011
0.077897897897898		0.002316516516517			609.180129227132
0.07792992992993		0.002317217217217			609.005078091253
0.077961961961962		0.002317917917918			608.830026955373
0.077993993993994		0.002318618618619			608.654975819494
0.078026026026026		0.002319319319319			608.479924683615
0.078058058058058		0.00232002002002			608.304873547736
0.07809009009009		0.002320720720721			608.129822411856
0.078122122122122		0.002321421421421			607.954771275977
0.078154154154154		0.002322122122122			607.779720140098
0.078186186186186		0.002322822822823			607.604669004218
0.078218218218218		0.002323523523524			607.429617868339
0.07825025025025		0.002324224224224			607.25451855011
0.078282282282282		0.002324924924925			607.07869280568
0.078314314314314		0.002325625625626			606.902867061249
0.078346346346346		0.002326326326326			606.727041316818
0.078378378378378		0.002327027027027			606.551215572388
0.078410410410411		0.002327727727728			606.375389827957
0.078442442442443		0.002328428428428			606.199564083526
0.078474474474475		0.002329129129129			606.023738339096
0.078506506506507		0.00232982982983			605.847912594665
0.078538538538539		0.002330530530531			605.672086850234
0.078570570570571		0.002331231231231			605.496261105803
0.078602602602603		0.002331931931932			605.320435361373
0.078634634634635		0.002332632632633			605.144609616942
0.078666666666667		0.002333333333333			604.968783872511
0.078698698698699		0.002334034034034			604.792958128081
0.078730730730731		0.002334734734735			604.61713238365
0.078762762762763		0.002335435435435			604.441306639219
0.078794794794795		0.002336136136136			604.265480894788
0.078826826826827		0.002336836836837			604.089655150358
0.078858858858859		0.002337537537538			603.913829405927
0.078890890890891		0.002338238238238			603.738003661496
0.078922922922923		0.002338938938939			603.562177917066
0.078954954954955		0.00233963963964			603.386352172635
0.078986986986987		0.00234034034034			603.210526428204
0.079019019019019		0.002341041041041			603.034700683774
0.079051051051051		0.002341741741742			602.858874939343
0.079083083083083		0.002342442442442			602.683049194912
0.079115115115115		0.002343143143143			602.507223450481
0.079147147147147		0.002343843843844			602.331397706051
0.079179179179179		0.002344544544545			602.15557196162
0.079211211211211		0.002345245245245			601.979746217189
0.079243243243243		0.002345945945946			601.803920472759
0.079275275275275		0.002346646646647			601.628094728328
0.079307307307307		0.002347347347347			601.452268983897
0.079339339339339		0.002348048048048			601.276443239466
0.079371371371371		0.002348748748749			601.100617495036
0.079403403403404		0.002349449449449			600.924791750605
0.079435435435436		0.00235015015015			600.748966006174
0.079467467467468		0.002350850850851			600.573140261744
0.0794994994995		0.002351551551552			600.397314517313
0.079531531531532		0.002352252252252			600.221488772882
0.079563563563564		0.002352952952953			600.045663028452
0.079595595595596		0.002353653653654			599.869837284021
0.079627627627628		0.002354354354354			599.69401153959
0.07965965965966		0.002355055055055			599.518185795159
0.079691691691692		0.002355755755756			599.342360050729
0.079723723723724		0.002356456456456			599.166534306298
0.079755755755756		0.002357157157157			598.990708561867
0.079787787787788		0.002357857857858			598.814882817436
0.07981981981982		0.002358558558559			598.639057073006
0.079851851851852		0.002359259259259			598.463231328575
0.079883883883884		0.00235995995996			598.287405584144
0.079915915915916		0.002360660660661			598.111579839714
0.079947947947948		0.002361361361361			597.935754095283
0.07997997997998		0.002362062062062			597.759928350852
0.080012012012012		0.002362762762763			597.584102606422
0.080044044044044		0.002363463463463			597.408276861991
0.080076076076076		0.002364164164164			597.23245111756
0.080108108108108		0.002364864864865			597.056625373129
0.08014014014014		0.002365565565566			596.880799628699
0.080172172172172		0.002366266266266			596.704973884268
0.080204204204204		0.002366966966967			596.529148139837
0.080236236236236		0.002367667667668			596.353322395407
0.080268268268268		0.002368368368368			596.177496650976
0.0803003003003		0.002369069069069			596.001670906545
0.080332332332332		0.00236976976977			595.856430760057
0.080364364364364		0.00237047047047			595.720366292953
0.080396396396396		0.002371171171171			595.584301825848
0.080428428428429		0.002371871871872			595.448237358743
0.080460460460461		0.002372572572573			595.312172891638
0.080492492492493		0.002373273273273			595.176108424533
0.080524524524525		0.002373973973974			595.040043957428
0.080556556556557		0.002374674674675			594.903979490324
0.080588588588589		0.002375375375375			594.767915023219
0.080620620620621		0.002376076076076			594.632186841446
0.080652652652653		0.002376776776777			594.502455021108
0.080684684684685		0.002377477477477			594.37272320077
0.080716716716717		0.002378178178178			594.242991380432
0.080748748748749		0.002378878878879			594.113259560094
0.080780780780781		0.00237957957958			593.983527739756
0.080812812812813		0.00238028028028			593.853795919418
0.080844844844845		0.002380980980981			593.72406409908
0.080876876876877		0.002381681681682			593.594332278742
0.080908908908909		0.002382382382382			593.464600458404
0.080940940940941		0.002383083083083			593.334868638066
0.080972972972973		0.002383783783784			593.205136817728
0.081005005005005		0.002384484484484			593.07540499739
0.081037037037037		0.002385185185185			592.945673177052
0.081069069069069		0.002385885885886			592.852295420031
0.081101101101101		0.002386586586587			592.763991842499
0.081133133133133		0.002387287287287			592.675688264967
0.081165165165165		0.002387987987988			592.587384687434
0.081197197197197		0.002388688688689			592.499081109902
0.081229229229229		0.002389389389389			592.410777532369
0.081261261261261		0.00239009009009			592.322473954837
0.081293293293293		0.002390790790791			592.234170377305
0.081325325325325		0.002391491491492			592.145866799772
0.081357357357357		0.002392192192192			592.05756322224
0.081389389389389		0.002392892892893			591.969259644707
0.081421421421422		0.002393593593594			591.880956067175
0.081453453453454		0.002394294294294			591.792652489642
0.081485485485486		0.002394994994995			591.70434891211
0.081517517517518		0.002395695695696			591.616045334578
0.08154954954955		0.002396396396396			591.527741757045
0.081581581581582		0.002397097097097			591.439438179513
0.081613613613614		0.002397797797798			591.35113460198
0.081645645645646		0.002398498498499			591.262831024448
0.081677677677678		0.002399199199199			591.174527446915
0.08170970970971		0.0023998998999			591.086223869383
0.081741741741742		0.002400600600601			590.997920291851
0.081773773773774		0.002401301301301			590.909616714318
0.081805805805806		0.002402002002002			590.821313136786
0.081837837837838		0.002402702702703			590.733009559253
0.08186986986987		0.002403403403403			590.644705981721
0.081901901901902		0.002404104104104			590.556402404189
0.081933933933934		0.002404804804805			590.468098826656
0.081965965965966		0.002405505505506			590.379795249124
0.081997997997998		0.002406206206206			590.291491671591
0.08203003003003		0.002406906906907			590.203188094059
0.082062062062062		0.002407607607608			590.114884516526
0.082094094094094		0.002408308308308			590.026580938994
0.082126126126126		0.002409009009009			589.938277361462
0.082158158158158		0.00240970970971			589.849973783929
0.08219019019019		0.00241041041041			589.761670206397
0.082222222222222		0.002411111111111			589.673366628864
0.082254254254254		0.002411811811812			589.585063051332
0.082286286286286		0.002412512512513			589.496759473799
0.082318318318318		0.002413213213213			589.408455896267
0.08235035035035		0.002413913913914			589.320152318734
0.082382382382382		0.002414614614615			589.231848741202
0.082414414414415		0.002415315315315			589.14354516367
0.082446446446447		0.002416016016016			589.055241586137
0.082478478478479		0.002416716716717			588.966938008605
0.082510510510511		0.002417417417417			588.878634431072
0.082542542542543		0.002418118118118			588.79033085354
0.082574574574575		0.002418818818819			588.702027276007
0.082606606606607		0.00241951951952			588.613723698475
0.082638638638639		0.00242022022022			588.525420120943
0.082670670670671		0.002420920920921			588.43711654341
0.082702702702703		0.002421621621622			588.348812965878
0.082734734734735		0.002422322322322			588.260509388345
0.082766766766767		0.002423023023023			588.172205810813
0.082798798798799		0.002423723723724			588.126858025747
0.082830830830831		0.002424424424424			588.085089890053
0.082862862862863		0.002425125125125			588.043321754359
0.082894894894895		0.002425825825826			588.001553618665
0.082926926926927		0.002426526526527			587.959785482971
0.082958958958959		0.002427227227227			587.918017347277
0.082990990990991		0.002427927927928			587.876249211584
0.083023023023023		0.002428628628629			587.83448107589
0.083055055055055		0.002429329329329			587.792712940196
0.083087087087087		0.00243003003003			587.750944804502
0.083119119119119		0.002430730730731			587.709176668808
0.083151151151151		0.002431431431431			587.667408533114
0.083183183183183		0.002432132132132			587.62564039742
0.083215215215215		0.002432832832833			587.583872261726
0.083247247247247		0.002433533533534			587.542104126032
0.083279279279279		0.002434234234234			587.500335990339
0.083311311311311		0.002434934934935			587.458567854645
0.083343343343343		0.002435635635636			587.416799718951
0.083375375375375		0.002436336336336			587.375031583257
0.083407407407408		0.002437037037037			587.333263447563
0.08343943943944		0.002437737737738			587.291495311869
0.083471471471472		0.002438438438438			587.249727176175
0.083503503503504		0.002439139139139			587.207959040481
0.083535535535536		0.00243983983984			587.166190904787
0.083567567567568		0.002440540540541			587.124422769093
0.0835995995996		0.002441241241241			587.0826546334
0.083631631631632		0.002441941941942			587.040886497706
0.083663663663664		0.002442642642643			586.999118362012
0.083695695695696		0.002443343343343			586.957350226318
0.083727727727728		0.002444044044044			586.915582090624
0.08375975975976		0.002444744744745			586.87381395493
0.083791791791792		0.002445445445445			586.832045819236
0.083823823823824		0.002446146146146			586.790277683543
0.083855855855856		0.002446846846847			586.748509547849
0.083887887887888		0.002447547547548			586.706741412155
0.08391991991992		0.002448248248248			586.664973276461
0.083951951951952		0.002448948948949			586.623205140767
0.083983983983984		0.00244964964965			586.581437005073
0.084016016016016		0.00245035035035			586.539668869379
0.084048048048048		0.002451051051051			586.497900733685
0.08408008008008		0.002451751751752			586.456132597991
0.084112112112112		0.002452452452452			586.414364462297
0.084144144144144		0.002453153153153			586.372596326604
0.084176176176176		0.002453853853854			586.33082819091
0.084208208208208		0.002454554554555			586.289060055216
0.08424024024024		0.002455255255255			586.247291919522
0.084272272272272		0.002455955955956			586.205523783828
0.084304304304304		0.002456656656657			586.163755648134
0.084336336336336		0.002457357357357			586.12198751244
0.084368368368368		0.002458058058058			586.080219376746
0.084400400400401		0.002458758758759			586.038451241052
0.084432432432433		0.002459459459459			585.996683105359
0.084464464464465		0.00246016016016			585.983833750444
0.084496496496497		0.002460860860861			585.984875597828
0.084528528528529		0.002461561561562			585.985917445213
0.084560560560561		0.002462262262262			585.986959292597
0.084592592592593		0.002462962962963			585.988001139982
0.084624624624625		0.002463663663664			585.989042987366
0.084656656656657		0.002464364364364			585.99008483475
0.084688688688689		0.002465065065065			585.991126682135
0.084720720720721		0.002465765765766			585.992168529519
0.084752752752753		0.002466466466466			585.993210376903
0.084784784784785		0.002467167167167			585.994252224288
0.084816816816817		0.002467867867868			585.995294071672
0.084848848848849		0.002468568568569			585.996335919056
0.084880880880881		0.002469269269269			585.997377766441
0.084912912912913		0.00246996996997			586.001134660162
0.084944944944945		0.002470670670671			586.011432257561
0.084976976976977		0.002471371371371			586.021729854959
0.085009009009009		0.002472072072072			586.032027452358
0.085041041041041		0.002472772772773			586.042325049757
0.085073073073073		0.002473473473473			586.052622647156
0.085105105105105		0.002474174174174			586.062920244555
0.085137137137137		0.002474874874875			586.073217841954
0.085169169169169		0.002475575575576			586.083515439353
0.085201201201201		0.002476276276276			586.093813036752
0.085233233233233		0.002476976976977			586.107493690409
0.085265265265265		0.002477677677678			586.161771019171
0.085297297297297		0.002478378378378			586.216048347933
0.085329329329329		0.002479079079079			586.270325676695
0.085361361361361		0.00247977977978			586.324603005457
0.085393393393393		0.00248048048048			586.378880334219
0.085425425425426		0.002481181181181			586.433157662981
0.085457457457458		0.002481881881882			586.487434991743
0.08548948948949		0.002482582582583			586.541712320505
0.085521521521522		0.002483283283283			586.595989649267
0.085553553553554		0.002483983983984			586.650266978029
0.085585585585586		0.002484684684685			586.704544306791
0.085617617617618		0.002485385385385			586.758821635553
0.08564964964965		0.002486086086086			586.813098964315
0.085681681681682		0.002486786786787			586.867376293077
0.085713713713714		0.002487487487487			586.921653621839
0.085745745745746		0.002488188188188			586.975930950601
0.085777777777778		0.002488888888889			587.030208279363
0.08580980980981		0.00248958958959			587.084485608125
0.085841841841842		0.00249029029029			587.138762936887
0.085873873873874		0.002490990990991			587.193040265649
0.085905905905906		0.002491691691692			587.247317594411
0.085937937937938		0.002492392392392			587.301594923173
0.08596996996997		0.002493093093093			587.355872251935
0.086002002002002		0.002493793793794			587.410149580697
0.086034034034034		0.002494494494495			587.464426909459
0.086066066066066		0.002495195195195			587.518704238221
0.086098098098098		0.002495895895896			587.572981566983
0.08613013013013		0.002496596596597			587.627258895745
0.086162162162162		0.002497297297297			587.681536224507
0.086194194194194		0.002497997997998			587.735813553269
0.086226226226226		0.002498698698699			587.790090882031
0.086258258258258		0.002499399399399			587.844368210793
0.08629029029029		0.0025001001001			587.898645539555
0.086322322322322		0.002500800800801			587.952922868316
0.086354354354354		0.002501501501502			588.007200197079
0.086386386386386		0.002502202202202			588.06147752584
0.086418418418419		0.002502902902903			588.115754854602
0.086450450450451		0.002503603603604			588.170032183364
0.086482482482483		0.002504304304304			588.224309512126
0.086514514514515		0.002505005005005			588.278586840888
0.086546546546547		0.002505705705706			588.33286416965
0.086578578578579		0.002506406406406			588.387141498412
0.086610610610611		0.002507107107107			588.441418827174
0.086642642642643		0.002507807807808			588.495696155936
0.086674674674675		0.002508508508509			588.549973484698
0.086706706706707		0.002509209209209			588.60425081346
0.086738738738739		0.00250990990991			588.658528142222
0.086770770770771		0.002510610610611			588.712805470984
0.086802802802803		0.002511311311311			588.767082799746
0.086834834834835		0.002512012012012			588.821360128508
0.086866866866867		0.002512712712713			588.87563745727
0.086898898898899		0.002513413413413			588.929914786032
0.086930930930931		0.002514114114114			588.984192114794
0.086962962962963		0.002514814814815			589.038469443556
0.086994994994995		0.002515515515516			589.092746772318
0.087027027027027		0.002516216216216			589.14702410108
0.087059059059059		0.002516916916917			589.201301429842
0.087091091091091		0.002517617617618			589.255578758604
0.087123123123123		0.002518318318318			589.309856087366
0.087155155155155		0.002519019019019			589.364133416128
0.087187187187187		0.00251971971972			589.417067519098
0.087219219219219		0.00252042042042			589.469552988654
0.087251251251251		0.002521121121121			589.522038458209
0.087283283283283		0.002521821821822			589.574523927764
0.087315315315315		0.002522522522523			589.62700939732
0.087347347347347		0.002523223223223			589.679494866875
0.087379379379379		0.002523923923924			589.731980336431
0.087411411411411		0.002524624624625			589.784465805986
0.087443443443444		0.002525325325325			589.836951275541
0.087475475475476		0.002526026026026			589.889436745097
0.087507507507508		0.002526726726727			589.941922214652
0.08753953953954		0.002527427427427			589.994407684208
0.087571571571572		0.002528128128128			590.046893153763
0.087603603603604		0.002528828828829			590.099378623319
0.087635635635636		0.00252952952953			590.151864092874
0.087667667667668		0.00253023023023			590.204349562429
0.0876996996997		0.002530930930931			590.26689863908
0.087731731731732		0.002531631631632			590.362993072715
0.087763763763764		0.002532332332332			590.45908750635
0.087795795795796		0.002533033033033			590.560408292551
0.087827827827828		0.002533733733734			590.668564337765
0.08785985985986		0.002534434434434			590.776720382979
0.087891891891892		0.002535135135135			590.884876428193
0.087923923923924		0.002535835835836			591.012712903737
0.087955955955956		0.002536536536537			591.160613938558
0.087987987987988		0.002537237237237			591.308514973379
0.08802002002002		0.002537937937938			591.456416008199
0.088052052052052		0.002538638638639			591.60431704302
0.088084084084084		0.002539339339339			591.752218077841
0.088116116116116		0.00254004004004			591.900119112661
0.088148148148148		0.002540740740741			592.048020147482
0.08818018018018		0.002541441441441			592.195921182302
0.088212212212212		0.002542142142142			592.343822217123
0.088244244244244		0.002542842842843			592.491723251944
0.088276276276276		0.002543543543544			592.639624286764
0.088308308308308		0.002544244244244			592.787525321585
0.08834034034034		0.002544944944945			592.935426356406
0.088372372372372		0.002545645645646			593.083327391226
0.088404404404404		0.002546346346346			593.231228426047
0.088436436436437		0.002547047047047			593.379129460867
0.088468468468469		0.002547747747748			593.527030495688
0.088500500500501		0.002548448448448			593.674931530509
0.088532532532533		0.002549149149149			593.82283256533
0.088564564564565		0.00254984984985			593.97073360015
0.088596596596597		0.002550550550551			594.118634634971
0.088628628628629		0.002551251251251			594.266535669791
0.088660660660661		0.002551951951952			594.414436704612
0.088692692692693		0.002552652652653			594.562337739433
0.088724724724725		0.002553353353353			594.710238774253
0.088756756756757		0.002554054054054			594.858139809074
0.088788788788789		0.002554754754755			595.006040843894
0.088820820820821		0.002555455455455			595.153941878715
0.088852852852853		0.002556156156156			595.301842913536
0.088884884884885		0.002556856856857			595.449743948356
0.088916916916917		0.002557557557558			595.597644983177
0.088948948948949		0.002558258258258			595.745546017998
0.088980980980981		0.002558958958959			595.893447052818
0.089013013013013		0.00255965965966			596.041348087639
0.089045045045045		0.00256036036036			596.18924912246
0.089077077077077		0.002561061061061			596.33715015728
0.089109109109109		0.002561761761762			596.485051192101
0.089141141141141		0.002562462462462			596.632952226921
0.089173173173173		0.002563163163163			596.780853261742
0.089205205205205		0.002563863863864			596.928754296563
0.089237237237237		0.002564564564565			597.079146984151
0.089269269269269		0.002565265265265			597.239646039625
0.089301301301301		0.002565965965966			597.4001450951
0.089333333333333		0.002566666666667			597.560644150574
0.089365365365365		0.002567367367367			597.721143206049
0.089397397397397		0.002568068068068			597.881642261523
0.08942942942943		0.002568768768769			598.042141316998
0.089461461461462		0.002569469469469			598.202640372472
0.089493493493494		0.00257017017017			598.363139427947
0.089525525525526		0.002570870870871			598.523638483421
0.089557557557558		0.002571571571572			598.684137538896
0.08958958958959		0.002572272272272			598.84463659437
0.089621621621622		0.002572972972973			599.005135649845
0.089653653653654		0.002573673673674			599.165634705319
0.089685685685686		0.002574374374374			599.326133760794
0.089717717717718		0.002575075075075			599.486632816268
0.08974974974975		0.002575775775776			599.647131871743
0.089781781781782		0.002576476476476			599.807630927217
0.089813813813814		0.002577177177177			599.968129982692
0.089845845845846		0.002577877877878			600.128629038166
0.089877877877878		0.002578578578579			600.289128093641
0.08990990990991		0.002579279279279			600.449627149115
0.089941941941942		0.00257997997998			600.61012620459
0.089973973973974		0.002580680680681			600.770625260064
0.090006006006006		0.002581381381381			600.931124315538
0.090038038038038		0.002582082082082			601.091623371013
0.09007007007007		0.002582782782783			601.252122426487
0.090102102102102		0.002583483483483			601.412621481962
0.090134134134134		0.002584184184184			601.573120537436
0.090166166166166		0.002584884884885			601.751070424245
0.090198198198198		0.002585585585586			601.956941641188
0.09023023023023		0.002586286286286			602.162812858132
0.090262262262262		0.002586986986987			602.368684075075
0.090294294294294		0.002587687687688			602.574555292019
0.090326326326326		0.002588388388388			602.780426508962
0.090358358358358		0.002589089089089			602.986297725905
0.09039039039039		0.00258978978979			603.192168942849
0.090422422422423		0.00259049049049			603.398040159792
0.090454454454455		0.002591191191191			603.603911376735
0.090486486486487		0.002591891891892			603.809782593679
0.090518518518519		0.002592592592593			604.015653810622
0.090550550550551		0.002593293293293			604.221525027566
0.090582582582583		0.002593993993994			604.427396244509
0.090614614614615		0.002594694694695			604.633267461452
0.090646646646647		0.002595395395395			604.839138678396
0.090678678678679		0.002596096096096			605.045009895339
0.090710710710711		0.002596796796797			605.250881112282
0.090742742742743		0.002597497497498			605.456752329226
0.090774774774775		0.002598198198198			605.662623546169
0.090806806806807		0.002598898898899			605.868494763112
0.090838838838839		0.0025995995996			606.074365980056
0.090870870870871		0.0026003003003			606.280237196999
0.090902902902903		0.002601001001001			606.486108413942
0.090934934934935		0.002601701701702			606.691979630886
0.090966966966967		0.002602402402402			606.897850847829
0.090998998998999		0.002603103103103			607.103722064772
0.091031031031031		0.002603803803804			607.309593281716
0.091063063063063		0.002604504504505			607.515464498659
0.091095095095095		0.002605205205205			607.721335715602
0.091127127127127		0.002605905905906			607.927206932546
0.091159159159159		0.002606606606607			608.133078149489
0.091191191191191		0.002607307307307			608.338949366433
0.091223223223223		0.002608008008008			608.544820583376
0.091255255255255		0.002608708708709			608.750691800319
0.091287287287287		0.002609409409409			608.956563017263
0.091319319319319		0.00261011011011			609.162434234206
0.091351351351351		0.002610810810811			609.368305451149
0.091383383383383		0.002611511511512			609.574176668093
0.091415415415416		0.002612212212212			609.780047885036
0.091447447447448		0.002612912912913			610.002301559419
0.09147947947948		0.002613613613614			610.254585439283
0.091511511511512		0.002614314314314			610.506869319146
0.091543543543544		0.002615015015015			610.75915319901
0.091575575575576		0.002615715715716			611.011437078873
0.091607607607608		0.002616416416416			611.263720958737
0.09163963963964		0.002617117117117			611.5160048386
0.091671671671672		0.002617817817818			611.768288718463
0.091703703703704		0.002618518518519			612.020572598327
0.091735735735736		0.002619219219219			612.27285647819
0.091767767767768		0.00261991991992			612.525140358054
0.0917997997998		0.002620620620621			612.777424237917
0.091831831831832		0.002621321321321			613.02970811778
0.091863863863864		0.002622022022022			613.281991997644
0.091895895895896		0.002622722722723			613.534275877507
0.091927927927928		0.002623423423423			613.786559757371
0.09195995995996		0.002624124124124			614.038843637234
0.091991991991992		0.002624824824825			614.291127517098
0.092024024024024		0.002625525525526			614.543411396961
0.092056056056056		0.002626226226226			614.795695276825
0.092088088088088		0.002626926926927			615.047979156688
0.09212012012012		0.002627627627628			615.300263036551
0.092152152152152		0.002628328328328			615.559974982013
0.092184184184184		0.002629029029029			615.826758980925
0.092216216216216		0.00262972972973			616.093542979838
0.092248248248248		0.00263043043043			616.36032697875
0.09228028028028		0.002631131131131			616.627110977662
0.092312312312312		0.002631831831832			616.893894976574
0.092344344344344		0.002632532532533			617.160678975487
0.092376376376376		0.002633233233233			617.427462974399
0.092408408408409		0.002633933933934			617.694246973311
0.092440440440441		0.002634634634635			617.961030972224
0.092472472472473		0.002635335335335			618.227814971136
0.092504504504505		0.002636036036036			618.494598970048
0.092536536536537		0.002636736736737			618.76138296896
0.092568568568569		0.002637437437437			619.028166967873
0.092600600600601		0.002638138138138			619.294950966785
0.092632632632633		0.002638838838839			619.586427356754
0.092664664664665		0.00263953953954			619.899068653343
0.092696696696697		0.00264024024024			620.211709949933
0.092728728728729		0.002640940940941			620.524351246522
0.092760760760761		0.002641641641642			620.836992543112
0.092792792792793		0.002642342342342			621.149633839701
0.092824824824825		0.002643043043043			621.46227513629
0.092856856856857		0.002643743743744			621.77491643288
0.092888888888889		0.002644444444444			622.087557729469
0.092920920920921		0.002645145145145			622.400199026059
0.092952952952953		0.002645845845846			622.712840322648
0.092984984984985		0.002646546546547			623.025481619237
0.093017017017017		0.002647247247247			623.338122915827
0.093049049049049		0.002647947947948			623.650764212416
0.093081081081081		0.002648648648649			623.963405509006
0.093113113113113		0.002649349349349			624.276046805595
0.093145145145145		0.00265005005005			624.588688102185
0.093177177177177		0.002650750750751			624.901329398774
0.093209209209209		0.002651451451451			625.213970695363
0.093241241241241		0.002652152152152			625.526611991953
0.093273273273273		0.002652852852853			625.839253288542
0.093305305305305		0.002653553553554			626.151894585131
0.093337337337337		0.002654254254254			626.464535881721
0.093369369369369		0.002654954954955			626.77717717831
0.093401401401401		0.002655655655656			627.0898184749
0.093433433433434		0.002656356356356			627.402459771489
0.093465465465466		0.002657057057057			627.715101068078
0.093497497497498		0.002657757757758			628.027742364668
0.09352952952953		0.002658458458458			628.340383661257
0.093561561561562		0.002659159159159			628.653024957847
0.093593593593594		0.00265985985986			628.965666254436
0.093625625625626		0.002660560560561			629.278307551025
0.093657657657658		0.002661261261261			629.590948847615
0.09368968968969		0.002661961961962			629.903590144204
0.093721721721722		0.002662662662663			630.216231440794
0.093753753753754		0.002663363363363			630.528872737383
0.093785785785786		0.002664064064064			630.841514033972
0.093817817817818		0.002664764764765			631.154155330562
0.09384984984985		0.002665465465465			631.466796627151
0.093881881881882		0.002666166166166			631.779437923741
0.093913913913914		0.002666866866867			632.09207922033
0.093945945945946		0.002667567567568			632.404720516919
0.093977977977978		0.002668268268268			632.717361813509
0.09401001001001		0.002668968968969			633.030003110098
0.094042042042042		0.00266966966967			633.342644406687
0.094074074074074		0.00267037037037			633.655285703277
0.094106106106106		0.002671071071071			633.967926999866
0.094138138138138		0.002671771771772			634.280568296456
0.09417017017017		0.002672472472472			634.593209593045
0.094202202202202		0.002673173173173			634.905850889634
0.094234234234234		0.002673873873874			635.218492186224
0.094266266266266		0.002674574574575			635.531133482813
0.094298298298298		0.002675275275275			635.843774779403
0.09433033033033		0.002675975975976			636.156416075992
0.094362362362362		0.002676676676677			636.469057372582
0.094394394394394		0.002677377377377			636.781698669171
0.094426426426427		0.002678078078078			637.09433996576
0.094458458458459		0.002678778778779			637.40698126235
0.094490490490491		0.002679479479479			637.719622558939
0.094522522522523		0.00268018018018			638.032263855528
0.094554554554555		0.002680880880881			638.344905152118
0.094586586586587		0.002681581581582			638.657546448707
0.094618618618619		0.002682282282282			638.970187745297
0.094650650650651		0.002682982982983			639.282829041886
0.094682682682683		0.002683683683684			639.595470338475
0.094714714714715		0.002684384384384			639.908111635065
0.094746746746747		0.002685085085085			640.220752931654
0.094778778778779		0.002685785785786			640.533394228244
0.094810810810811		0.002686486486486			640.846035524833
0.094842842842843		0.002687187187187			641.158676821422
0.094874874874875		0.002687887887888			641.471318118012
0.094906906906907		0.002688588588589			641.783959414601
0.094938938938939		0.002689289289289			642.096600711191
0.094970970970971		0.00268998998999			642.40924200778
0.095003003003003		0.002690690690691			642.721883304369
0.095035035035035		0.002691391391391			643.049036317125
0.095067067067067		0.002692092092092			643.416288391964
0.095099099099099		0.002692792792793			643.814760822452
0.095131131131131		0.002693493493494			644.227108966562
0.095163163163163		0.002694194194194			644.639457110672
0.095195195195195		0.002694894894895			645.051805254782
0.095227227227227		0.002695595595596			645.464153398892
0.095259259259259		0.002696296296296			645.876501543002
0.095291291291291		0.002696996996997			646.288849687112
0.095323323323323		0.002697697697698			646.701197831222
0.095355355355355		0.002698398398398			647.113545975332
0.095387387387387		0.002699099099099			647.525894119442
0.09541941941942		0.0026997997998			647.938242263552
0.095451451451452		0.002700500500501			648.350590407662
0.095483483483484		0.002701201201201			648.762938551772
0.095515515515516		0.002701901901902			649.175286695882
0.095547547547548		0.002702602602603			649.587634839992
0.09557957957958		0.002703303303303			649.999982984102
0.095611611611612		0.002704004004004			650.412331128213
0.095643643643644		0.002704704704705			650.824679272323
0.095675675675676		0.002705405405405			651.237027416433
0.095707707707708		0.002706106106106			651.649375560543
0.09573973973974		0.002706806806807			652.061723704653
0.095771771771772		0.002707507507508			652.474071848763
0.095803803803804		0.002708208208208			652.886419992873
0.095835835835836		0.002708908908909			653.298768136983
0.095867867867868		0.00270960960961			653.711116281093
0.0958998998999		0.00271031031031			654.123464425203
0.095931931931932		0.002711011011011			654.535812569313
0.095963963963964		0.002711711711712			654.948160713423
0.095995995995996		0.002712412412412			655.360508857533
0.096028028028028		0.002713113113113			655.772857001643
0.09606006006006		0.002713813813814			656.185205145753
0.096092092092092		0.002714514514515			656.597553289863
0.096124124124124		0.002715215215215			657.009901433973
0.096156156156156		0.002715915915916			657.422249578083
0.096188188188188		0.002716616616617			657.834597722193
0.09622022022022		0.002717317317317			658.246945866304
0.096252252252252		0.002718018018018			658.659294010414
0.096284284284284		0.002718718718719			659.071642154524
0.096316316316316		0.002719419419419			659.483990298634
0.096348348348348		0.00272012012012			659.896338442744
0.09638038038038		0.002720820820821			660.308686586854
0.096412412412412		0.002721521521522			660.721034730964
0.096444444444445		0.002722222222222			661.133382875074
0.096476476476477		0.002722922922923			661.545731019184
0.096508508508509		0.002723623623624			661.958079163294
0.096540540540541		0.002724324324324			662.377822106346
0.096572572572573		0.002725025025025			662.80777345945
0.096604604604605		0.002725725725726			663.237724812554
0.096636636636637		0.002726426426426			663.667676165659
0.096668668668669		0.002727127127127			664.097627518763
0.096700700700701		0.002727827827828			664.527578871868
0.096732732732733		0.002728528528529			664.957530224972
0.096764764764765		0.002729229229229			665.387481578076
0.096796796796797		0.00272992992993			665.817432931181
0.096828828828829		0.002730630630631			666.247384284285
0.096860860860861		0.002731331331331			666.677335637389
0.096892892892893		0.002732032032032			667.107286990494
0.096924924924925		0.002732732732733			667.537238343598
0.096956956956957		0.002733433433433			667.967189696702
0.096988988988989		0.002734134134134			668.397141049807
0.097021021021021		0.002734834834835			668.827092402911
0.097053053053053		0.002735535535536			669.257043756016
0.097085085085085		0.002736236236236			669.68699510912
0.097117117117117		0.002736936936937			670.116946462224
0.097149149149149		0.002737637637638			670.546897815328
0.097181181181181		0.002738338338338			670.976849168433
0.097213213213213		0.002739039039039			671.406800521537
0.097245245245245		0.00273973973974			671.836751874642
0.097277277277277		0.00274044044044			672.266703227746
0.097309309309309		0.002741141141141			672.69665458085
0.097341341341341		0.002741841841842			673.126605933955
0.097373373373373		0.002742542542543			673.556557287059
0.097405405405405		0.002743243243243			673.986508640163
0.097437437437438		0.002743943943944			674.416459993268
0.09746946946947		0.002744644644645			674.846411346372
0.097501501501502		0.002745345345345			675.276362699476
0.097533533533534		0.002746046046046			675.706314052581
0.097565565565566		0.002746746746747			676.174130015853
0.097597597597598		0.002747447447447			676.648830453701
0.09762962962963		0.002748148148148			677.123530891549
0.097661661661662		0.002748848848849			677.598231329397
0.097693693693694		0.00274954954955			678.072931767245
0.097725725725726		0.00275025025025			678.547632205093
0.097757757757758		0.002750950950951			679.022332642941
0.09778978978979		0.002751651651652			679.497033080789
0.097821821821822		0.002752352352352			679.971733518637
0.097853853853854		0.002753053053053			680.446433956485
0.097885885885886		0.002753753753754			680.921134394333
0.097917917917918		0.002754454454454			681.395834832181
0.09794994994995		0.002755155155155			681.870535270029
0.097981981981982		0.002755855855856			682.345235707877
0.098014014014014		0.002756556556557			682.819936145725
0.098046046046046		0.002757257257257			683.294636583574
0.098078078078078		0.002757957957958			683.769337021422
0.09811011011011		0.002758658658659			684.24403745927
0.098142142142142		0.002759359359359			684.718737897118
0.098174174174174		0.00276006006006			685.193438334966
0.098206206206206		0.002760760760761			685.668138772814
0.098238238238238		0.002761461461461			686.142839210662
0.09827027027027		0.002762162162162			686.61753964851
0.098302302302302		0.002762862862863			687.092240086358
0.098334334334334		0.002763563563564			687.566940524206
0.098366366366366		0.002764264264264			688.041640962054
0.098398398398398		0.002764964964965			688.516341399902
0.098430430430431		0.002765665665666			688.99104183775
0.098462462462463		0.002766366366366			689.465742275598
0.098494494494495		0.002767067067067			689.940442713446
0.098526526526527		0.002767767767768			690.415143151294
0.098558558558559		0.002768468468468			690.889843589142
0.098590590590591		0.002769169169169			691.36454402699
0.098622622622623		0.00276986986987			691.839244464838
0.098654654654655		0.002770570570571			692.313944902687
0.098686686686687		0.002771271271271			692.801104869437
0.098718718718719		0.002771971971972			693.325538313807
0.098750750750751		0.002772672672673			693.849971758177
0.098782782782783		0.002773373373373			694.374405202546
0.098814814814815		0.002774074074074			694.898838646916
0.098846846846847		0.002774774774775			695.423272091285
0.098878878878879		0.002775475475475			695.947705535655
0.098910910910911		0.002776176176176			696.472138980025
0.098942942942943		0.002776876876877			696.996572424394
0.098974974974975		0.002777577577578			697.521005868764
0.099007007007007		0.002778278278278			698.045439313134
0.099039039039039		0.002778978978979			698.569872757503
0.099071071071071		0.00277967967968			699.094306201873
0.099103103103103		0.00278038038038			699.618739646243
0.099135135135135		0.002781081081081			700.143173090612
0.099167167167167		0.002781781781782			700.667606534982
0.099199199199199		0.002782482482482			701.192039979352
0.099231231231231		0.002783183183183			701.716473423722
0.099263263263263		0.002783883883884			702.240906868091
0.099295295295295		0.002784584584585			702.765340312461
0.099327327327327		0.002785285285285			703.289773756831
0.099359359359359		0.002785985985986			703.8142072012
0.099391391391391		0.002786686686687			704.33864064557
0.099423423423424		0.002787387387387			704.86307408994
0.099455455455456		0.002788088088088			705.387507534309
0.099487487487488		0.002788788788789			705.920405660785
0.09951951951952		0.002789489489489			706.463903059651
0.099551551551552		0.00279019019019			707.007400458518
0.099583583583584		0.002790890890891			707.550897857384
0.099615615615616		0.002791591591592			708.094395256251
0.099647647647648		0.002792292292292			708.637892655117
0.09967967967968		0.002792992992993			709.181390053983
0.099711711711712		0.002793693693694			709.72488745285
0.099743743743744		0.002794394394394			710.268384851716
0.099775775775776		0.002795095095095			710.811882250583
0.099807807807808		0.002795795795796			711.355379649449
0.09983983983984		0.002796496496497			711.898877048316
0.099871871871872		0.002797197197197			712.442374447182
0.099903903903904		0.002797897897898			712.985871846049
0.099935935935936		0.002798598598599			713.529369244915
0.099967967967968		0.002799299299299			714.072866643781
0.1		0.0028			714.616364042647