           1   6.4336674314896702E-002
           2   2.5869934876308606E-002
           3   1.7207820607104520     
           4  0.47064472166061960     
           5   9.6231441738740139E-002
           6   2.7064554394419531     
           7   1.3982210932548754E-002
           8  0.73556676677810939     
           9   5.2954048818677060E-002
          10  0.39772395888010581     
          11   3.1018204490114734     
          12   4.7784962004520710E-002
          13  0.10850227815399124     
          14  0.28498250141482390     
          15   9.1765672397400619E-002
          16  0.32977619531402630     
          17   8.8605990133363746E-002
          18  0.13282670494478813     
          19  0.14235320449348829     
          20   8.0074632889421182E-002
          21   3.8906687462598026     
          22  0.26823344823069201     
          23  0.49749266358741878     
          24  0.43339930057261122     
          25  0.20208091395053732     
          26  0.62909593326459479     
          27   3.2899772335128166E-003
          28   1.4931663308964718E-002
          29   1.1737745324778197     
          30   9.2896547743883846E-003
          31  0.10890375520708079     
          32   3.4129288418901997     
          33  0.17500591510577887     
          34  0.96718644302069601     
          35   1.5621136832316436     
          36  0.14552925241116116     
          37   2.7658298634692633     
          38  0.19687236971338951     
          39   2.3818139686093320     
          40   1.7704153971426807E-002
          41  0.14491888657150861     
          42  0.63979689033101750     
          43  0.13335408823099901     
          44  0.63185006603079785     
          45   7.9784436169359457E-002
          46  0.45428496042194272     
          47   1.9030812300230391     
          48   3.8151371792072872     
          49  0.51763711729962125     
          50  0.25616173114697882     
          51  0.48259334296148515     
          52   5.2955165587254806E-002
          53   3.6777797051410208     
          54   1.6734934293107682E-003
          55   2.6696796922105217     
          56   3.9558178324509752E-002
          57   2.9104695215308300E-003
          58  0.25109292789005089     
          59  0.18741642810626352     
          60  0.26072814297915270     
          61   3.2300309751108792E-002
          62  0.40368934799267442     
          63   4.0696356729622872E-002
          64   8.9262015839582834E-002
          65  0.18082278829211437     
          66   9.0018142823519210E-004
          67  0.69235035856907490     
          68  0.24261511814975459     
          69   4.3252777258847117E-002
          70  0.46293697135101253     
          71   6.8103542672938069E-002
          72   9.9551447631190098E-003
          73   5.5967971648750598     
          74  0.23728479274867459     
          75   1.2482851630282115     
          76   1.3675148083686530     
          77   2.9645118566297879     
          78  0.40187026206021464     
          79   2.8884916779832905     
          80  0.67034606112483164     
          81   7.3335427419548571E-002
          82  0.18333326570428518     
          83  0.48544273533227500     
          84  0.35372735368281838     
          85   1.8072059195871168E-003
          86   3.5303411967089931E-003
          87  0.91249253391040885     
          88  0.67492006086582701     
          89  0.17022428488479260     
          90   4.8099846250319246E-002
          91   6.4635513194065006E-002
          92  0.15765639943999923     
          93  0.15352968996254143     
          94  0.40555473188215346     
          95   2.9247238502502878E-002
          96  0.58172877714858851     
          97  0.85626203100269893     
          98   8.4797528317318668E-002
          99   4.0385582284789239     
         100  0.11229635986899857     
         101  0.47755119836886262     
         102  0.36198693829352485     
         103   5.8663782248890559     
         104   1.6932660527611396     
         105  0.94501222190089884     
         106   2.4292233349332674E-002
         107   3.2697280745239220E-002
         108  0.36476552550508445     
         109  0.23037206604682414     
         110   3.2864413836540161     
         111  0.37456469133103704     
         112   6.0917970168348233E-002
         113   2.3210184078367790     
         114   5.3011891548448757E-002
         115   2.9595085464310777     
         116  0.38048814749995935     
         117   1.2125725854568783     
         118  0.51839583247693644     
         119  0.71917944072339668     
         120  0.16307638438338942     
         121  0.12985358885879533     
         122   4.5450175261202492     
         123  0.47284026488814523     
         124  0.18188493818816098     
         125  0.13284168991719647     
         126   1.0651907255688351     
         127   1.5935719944086975     
         128   2.3032451996974364     
         129  0.91883766698338487     
         130   2.3341092740358755     
         131   5.2342947068804957     
         132  0.67026589465995545     
         133  0.45729494095143874     
         134   1.3048399103144546     
         135   2.2147492118269052     
         136   5.6927787675204353     
         137   3.3115794029674323E-002
         138  0.97227404492415836     
         139   1.7929193167433126     
         140  0.13411216089027095     
         141  0.93972558389241811     
         142  0.67870259292994173     
         143  0.45105530480325562     
         144   1.2233194712997324     
         145   1.5092570824754548     
         146   5.9259697141575557E-002
         147   9.6157814154239657E-002
         148   5.4035457275894911     
         149  0.15141801191558946     
         150  0.60030127185220128     
         151  0.23267773218979246     
         152   3.1935884333105662     
         153   1.8005986188384133     
         154   1.3717369032210904     
         155   2.6315367970372986E-002
         156  0.57304423279462402     
