   7.1383727723597426E-002
   7.2779947955469174E-002
   7.4188620001190086E-002
   7.5609702803412768E-002
   7.7043154943064282E-002
   7.8488934640553218E-002
   7.9946999756987505E-002
   8.1417307795402585E-002
   8.2899815902000032E-002
   8.4394480867396579E-002
   8.5901259127883489E-002
   8.7420106766696259E-002
   8.8950979515294640E-002
   9.0493832754652892E-002
   9.2048621516560361E-002
   9.3615300484931857E-002
   9.5193823997128696E-002
   9.6784146045289551E-002
   9.8386220277671271E-002
  0.10000000000000001     
