0.424934726798761
0.160864684944043
0.055528863191034
0.005866372493556
0.051420000646799
0.061028251041387
0.073749012046494
0.082258462456897
0.069675850623244
0.067281085495231
0.075381538181477
0.079858610452872
0.052282465940488
0.00422235845294
0.047066900751707
0.074517079002518
0.09105149763795
0.088152422541494
0.073654809257737
0.076547078294439
0.09458929219568
0.092597824070287
0.098410615619803
0.144656920682517
0.232426427392769
0.370910656803179
0.421172226043552
0.157679073876057
0.053276511705146
0.005885643675496
0.05077371764518
0.061174991630024
0.073289655783073
0.081349683671054
0.068800901862223
0.066298629943376
0.074957005841213
0.079861894575693
0.053186802950839
0.002952472243531
0.04655716526033
0.07469136193807
0.091684418742355
0.088829300104642
0.074263359704668
0.076760774131156
0.095865572524685
0.095979882188897
0.103060217557202
0.149962785417367
0.237817117894679
0.380227788088774
0.427028076748439
0.164164905836413
0.059155164266664
0.001663629294318
0.047449166657893
0.058126714818947
0.071264006470115
0.080076746119991
0.068172455382796
0.066224073888397
0.075132816151733
0.080859544422755
0.05444406471376
0.001447859279405
0.044099625507524
0.071223513150426
0.08671225105424
0.082230793977565
0.066675465095622
0.069372769282639
0.087363929478752
0.085014993778161
0.090245749106228
0.135748871702427
0.223333523457274
0.363504529300577
0.422777177555576
0.159451029892961
0.055153111950604
0.003968765615602
0.048952411007974
0.059641579778409
0.072057952707961
0.080313104018338
0.068017530621253
0.065906480465275
0.074978012789027
0.080234719815739
0.053681256931107
0.002219853275003
0.045420806253657
0.07318565703467
0.089573442483816
0.085932907611304
0.070734905463462
0.073027851005859
0.091554592723238
0.090723651176119
0.097178479830304
0.143695346087087
0.231519750154311
0.373060427701057
0.427556304580058
0.163819884258632
0.059161461009137
0.000760129608387
0.046166180622357
0.057245354160911
0.070417610835536
0.079114837841309
0.067332444203992
0.066013032888764
0.075589601159425
0.081175253085612
0.054359291214
0.001357182648922
0.043728368220669
0.070866668074094
0.086260621273301
0.08145175390943
0.065427151996024
0.067627501477065
0.084755044665645
0.081638929625545
0.086762322401094
0.132336757111105
0.219936351983682
0.358900095422391
0.421520360276358
0.157451900434488
0.052943271777446
0.006539676776229
0.051383601789957
0.061398282073385
0.073552867840536
0.081630566881626
0.068924643399995
0.066552316142177
0.075147133555637
0.079643890089866
0.052375361957242
0.003909260310084
0.047222425647351
0.075179350419295
0.092201560258714
0.089530781671145
0.074980869047121
0.077387424843267
0.095924356648995
0.095278062690221
0.102049371144694
0.149001087050731
0.23690460087452
0.377168196154588