2098
1565
1983
2167
2391
2776
2811
2759
2719
2655
2300
2228
2046
1842
1669
1443
1278
1050
876
664
507
392
291
200
129
221
2098
1565
1983
2167
2391
2776
2811
2759
2719
2655
2300
2228
2046
1842
1669
1443
1278
1050
876
664
507
392
291
200
129
221
14483
13911
17460
21255
23830
25994
27231
27382
27270
25616
23845
21594
19625
18246
16343
14710
12545
10537
8499
6791
5182
3964
2791
2006
1273
2165
14483
13911
17460
21255
23830
25994
27231
27382
27270
25616
23845
21594
19625
18246
16343
14710
12545
10537
8499
6791
5182
3964
2791
2006
1273
2165
2248
2064
2693
3083
3635
4046
4126
4209
4151
3921
3563
3196
3017
2797
2570
2188
1904
1485
1299
982
792
569
419
329
199
328
2248
2064
2693
3083
3635
4046
4126
4209
4151
3921
3563
3196
3017
2797
2570
2188
1904
1485
1299
982
792
569
419
329
199
328