1597.85
445.71
327.54
194.23
118.44
120.93
165.68
139.62
57.33
38.26
34.6
33.81
32.73
32.76
32.15
32.14
31.81
31.59
31.57
31.23
30.86
30.15
29.51
27.69
26.56
256.17
650.09
191.45
137.94
80.64
48.48
49.83
70.47
56.62
21.26
13.95
12.47
12.12
11.72
11.7
11.43
11.41
11.28
11.22
11.2
11.08
10.95
10.7
10.48
9.83
9.43
92.6
9491.01
2722.43
2019.37
1205.1
747.83
769.64
1050.66
898.91
390.93
268.64
245.46
240.74
233.72
234.92
231.42
232.09
229.88
228.5
228.23
225.46
222.45
217.14
212.74
199.89
191.83
1855.94
7150.09
2134.92
1573.7
924.2
563.4
581.07
812.36
697.04
286.01
192.38
174.46
170.65
165.59
166.31
163.78
164.24
162.74
161.84
161.84
160.19
158.44
154.92
151.7
142.37
136.54
1338.69
652.7
190.31
142.63
85.44
53.62
55.38
74.95
64.74
28.74
19.74
18.1
17.77
17.26
17.37
17.13
17.19
17.04
16.92
16.89
16.65
16.37
15.96
15.65
14.74
14.16
137.69
963.9
292.14
216.65
127.69
79.07
82.11
113.79
97.63
41.48
28.17
25.64
25.12
24.39
24.53
24.18
24.27
24.05
23.93
23.9
23.62
23.32
22.78
22.32
20.99
20.15
198.23