1.02   0.944978
1.03   0.943518
1.04   0.942058
1.05   0.941287
1.06   0.94155
1.07   0.941813
1.08   0.942374
1.09   0.942936
1.1   0.943565
1.11   0.944238
1.12   0.944919
1.13   0.945632
1.14   0.946344
1.15   0.947066
1.16   0.947789
1.17   0.948514
1.18   0.949242
1.19   0.949969
1.2   0.95069
1.21   0.951411
1.22   0.952139
1.23   0.952871
1.24   0.953604
1.25   0.954339
1.26   0.955073
1.27   0.955805
1.28   0.956536
1.29   0.957263
1.3   0.957983
1.31   0.958703
1.32   0.959411
1.33   0.960119
1.34   0.960816
1.35   0.961507
1.36   0.962195
1.37   0.962874
1.38   0.963554
1.39   0.964219
1.4   0.96488
1.41   0.965533
1.42   0.966173
1.43   0.966812
1.44   0.967445
1.45   0.968077
1.46   0.968699
1.47   0.969313
1.48   0.969922
1.49   0.970512
1.5   0.971102
1.51   0.971682
1.52   0.972259
1.53   0.972828
1.54   0.973384
1.55   0.97394
1.56   0.974488
1.57   0.975035
1.58   0.975562
1.59   0.976075
1.6   0.976591
1.61   0.977115
1.62   0.977639
1.63   0.978142
1.64   0.97864
1.65   0.979129
1.66   0.979605
1.67   0.980081
1.68   0.980549
1.69   0.981017
1.7   0.981479
1.71   0.981937
1.72   0.98239
1.73   0.982819
1.74   0.983248
1.75   0.98368
1.76   0.984112
1.77   0.984533
1.78   0.984937
1.79   0.985342
1.8   0.98573
1.81   0.986119
1.82   0.98651
1.83   0.986903
1.84   0.987297
1.85   0.987691
1.86   0.988086
1.87   0.988435
1.88   0.988773
1.89   0.989116
1.9   0.98947
1.91   0.989823
1.92   0.990174
1.93   0.990524
1.94   0.99086
1.95   0.991186
1.96   0.991518
1.97   0.99187
1.98   0.992222
1.99   0.992526
2   0.992818
2.01   0.993115
2.02   0.993418
2.03   0.993722
2.04   0.994017
2.05   0.994311
2.06   0.9946
2.07   0.994886
2.08   0.995169
2.09   0.995445
2.1   0.995721
2.11   0.995991
2.12   0.99626
2.13   0.996526
2.14   0.996791
2.15   0.997055
2.16   0.997311
2.17   0.997567
2.18   0.997819
2.19   0.998067
2.2   0.998314
2.21   0.998554
2.22   0.998795
2.23   0.99903
2.24   0.999264
2.25   0.999495
2.26   0.999722
2.27   0.999949
2.28   1.00017
2.29   1.00039
2.3   1.00061
2.31   1.00082
2.32   1.00103
2.33   1.00124
2.34   1.00146
2.35   1.00166
2.36   1.00187
2.37   1.00207
2.38   1.00227
2.39   1.00247
2.4   1.00267
2.41   1.00286
2.42   1.00306
2.43   1.00324
2.44   1.00343
2.45   1.00361
2.46   1.00379
2.47   1.00397
2.48   1.00415
2.49   1.00433
2.5   1.0045
2.51   1.00467
2.52   1.00484
2.53   1.005
2.54   1.00517
2.55   1.00533
2.56   1.00549
2.57   1.00565
2.58   1.0058
2.59   1.00596
2.6   1.00611
2.61   1.00626
2.62   1.00642
2.63   1.00657
2.64   1.00672
2.65   1.00687
2.66   1.00702
2.67   1.00717
2.68   1.00732
2.69   1.00746
2.7   1.00761
2.71   1.00775
2.72   1.00789
2.73   1.00803
2.74   1.00816
2.75   1.00829
2.76   1.00842
2.77   1.00854
2.78   1.00867
2.79   1.0088
2.8   1.00892
2.81   1.00904
2.82   1.00916
2.83   1.00928
2.84   1.0094
2.85   1.00952
2.86   1.00964
2.87   1.00975
2.88   1.00987
2.89   1.00998
2.9   1.01009
2.91   1.01021
2.92   1.01032
2.93   1.01043
2.94   1.01055
2.95   1.01066
2.96   1.01077
2.97   1.01089
2.98   1.011
2.99   1.01111
3   1.01121
3.01   1.01132
3.02   1.01143
3.03   1.01153
3.04   1.01163
3.05   1.01173
3.06   1.01183
3.07   1.01192
3.08   1.01202
3.09   1.01212
3.1   1.01221
3.11   1.0123
3.12   1.0124
3.13   1.01249
3.14   1.01258
3.15   1.01267
3.16   1.01276
3.17   1.01284
3.18   1.01293
3.19   1.01302
3.2   1.01311
3.21   1.01319
3.22   1.01327
3.23   1.01336
3.24   1.01344
3.25   1.01352
3.26   1.0136
3.27   1.01368
3.28   1.01376
3.29   1.01384
3.3   1.01392
3.31   1.014
3.32   1.01407
3.33   1.01415
3.34   1.01423
3.35   1.0143
3.36   1.01437
3.37   1.01445
3.38   1.01452
3.39   1.01459
3.4   1.01467
3.41   1.01474
3.42   1.01481
3.43   1.01488
3.44   1.01495
3.45   1.01503
3.46   1.0151
3.47   1.01517
3.48   1.01524
3.49   1.01531
3.5   1.01538
3.51   1.01545
3.52   1.01552
3.53   1.01559
3.54   1.01566
3.55   1.01572
3.56   1.01579
3.57   1.01586
3.58   1.01592
3.59   1.01599
3.6   1.01605
3.61   1.01612
3.62   1.01618
3.63   1.01624
3.64   1.0163
3.65   1.01636
3.66   1.01642
3.67   1.01648
3.68   1.01654
3.69   1.01659
3.7   1.01665
3.71   1.01671
3.72   1.01676
3.73   1.01682
3.74   1.01688
3.75   1.01693
3.76   1.01699
3.77   1.01704
3.78   1.0171
3.79   1.01715
3.8   1.0172
3.81   1.01726
3.82   1.01731
3.83   1.01736
3.84   1.01742
3.85   1.01747
3.86   1.01753
3.87   1.01758
3.88   1.01763
3.89   1.01769
3.9   1.01774
3.91   1.01779
3.92   1.01784
3.93   1.0179
3.94   1.01795
3.95   1.018
3.96   1.01805
3.97   1.0181
3.98   1.01815
3.99   1.0182
4   1.01825
4.01   1.0183
4.02   1.01835
4.03   1.01839
4.04   1.01844
4.05   1.01849
4.06   1.01853
4.07   1.01858
4.08   1.01862
4.09   1.01867
4.1   1.01871
4.11   1.01876
4.12   1.0188
4.13   1.01884
4.14   1.01889
4.15   1.01893
4.16   1.01897
4.17   1.01902
4.18   1.01906
4.19   1.0191
4.2   1.01914
4.21   1.01919
4.22   1.01923
4.23   1.01927
4.24   1.01931
4.25   1.01935
4.26   1.01939
4.27   1.01943
4.28   1.01947
4.29   1.01951
4.3   1.01955
4.31   1.01959
4.32   1.01963
4.33   1.01967
4.34   1.01971
4.35   1.01975
4.36   1.01978
4.37   1.01982
4.38   1.01986
4.39   1.0199
4.4   1.01994
4.41   1.01997
4.42   1.02001
4.43   1.02005
4.44   1.02008
4.45   1.02012
4.46   1.02015
4.47   1.02019
4.48   1.02022
4.49   1.02025
4.5   1.02029
4.51   1.02032
4.52   1.02035
4.53   1.02039
4.54   1.02042
4.55   1.02045
4.56   1.02049
4.57   1.02052
4.58   1.02055
4.59   1.02058
4.6   1.02062
4.61   1.02065
4.62   1.02068
4.63   1.02072
4.64   1.02075
4.65   1.02079
4.66   1.02083
4.67   1.02086
4.68   1.0209
4.69   1.02094
4.7   1.02097
4.71   1.02101
4.72   1.02104
4.73   1.02108
4.74   1.02112
4.75   1.02115
4.76   1.02119
4.77   1.02122
4.78   1.02126
4.79   1.02129
4.8   1.02133
4.81   1.02136
4.82   1.0214
4.83   1.02143
4.84   1.02146
4.85   1.0215
4.86   1.02153
4.87   1.02156
4.88   1.0216
4.89   1.02163
4.9   1.02166
4.91   1.02169
4.92   1.02173
4.93   1.02176
4.94   1.02179
4.95   1.02182
4.96   1.02185
4.97   1.02188
4.98   1.02192
4.99   1.02195
5   1.02198
5.01   1.02201
5.02   1.02204
5.03   1.02207
5.04   1.0221
5.05   1.02213
5.06   1.02216
5.07   1.02219
5.08   1.02222
5.09   1.02225
5.1   1.02228
5.11   1.02231
5.12   1.02234
5.13   1.02237
5.14   1.0224
5.15   1.02243
5.16   1.02246
5.17   1.02249
5.18   1.02252
5.19   1.02255
5.2   1.02257
5.21   1.0226
5.22   1.02263
5.23   1.02266
5.24   1.02269
5.25   1.02272
5.26   1.02275
5.27   1.02277
5.28   1.0228
5.29   1.02283
5.3   1.02286
5.31   1.02289
5.32   1.02291
5.33   1.02294
5.34   1.02297
5.35   1.023
5.36   1.02303
5.37   1.02305
5.38   1.02308
5.39   1.02311
5.4   1.02314
5.41   1.02316
5.42   1.02319
5.43   1.02322
5.44   1.02324
5.45   1.02327
5.46   1.0233
5.47   1.02333
5.48   1.02335
5.49   1.02338
5.5   1.02341
5.51   1.02343
5.52   1.02346
5.53   1.02348
5.54   1.02351
5.55   1.02353
5.56   1.02356
5.57   1.02358
5.58   1.0236
5.59   1.02363
5.6   1.02365
5.61   1.02368
5.62   1.0237
5.63   1.02372
5.64   1.02375
5.65   1.02377
5.66   1.0238
5.67   1.02382
5.68   1.02384
5.69   1.02387
5.7   1.02389
5.71   1.02391
5.72   1.02394
5.73   1.02396
5.74   1.02398
5.75   1.02401
5.76   1.02403
5.77   1.02405
5.78   1.02408
5.79   1.0241
5.8   1.02412
5.81   1.02415
5.82   1.02417
5.83   1.02419
5.84   1.02421
5.85   1.02424
5.86   1.02426
5.87   1.02428
5.88   1.02431
5.89   1.02433
5.9   1.02435
5.91   1.02437
5.92   1.0244
5.93   1.02442
5.94   1.02444
5.95   1.02446
5.96   1.02449
5.97   1.02451
5.98   1.02453
5.99   1.02455
6   1.02458
6.01   1.0246
6.02   1.02462
6.03   1.02464
6.04   1.02467
6.05   1.02469
6.06   1.02471
6.07   1.02474
6.08   1.02476
6.09   1.02478
6.1   1.02481
6.11   1.02483
6.12   1.02485
6.13   1.02487
6.14   1.0249
6.15   1.02492
6.16   1.02494
6.17   1.02497
6.18   1.02499
6.19   1.02501
6.2   1.02503
6.21   1.02506
6.22   1.02508
6.23   1.0251
6.24   1.02512
6.25   1.02515
6.26   1.02517
6.27   1.02519
6.28   1.02521
6.29   1.02524
6.3   1.02526
6.31   1.02528
6.32   1.0253
6.33   1.02532
6.34   1.02535
6.35   1.02537
6.36   1.02539
6.37   1.02541
6.38   1.02544
6.39   1.02546
6.4   1.02548
6.41   1.0255
6.42   1.02552
6.43   1.02555
6.44   1.02557
6.45   1.02559
6.46   1.02561
6.47   1.02563
6.48   1.02565
6.49   1.02568
6.5   1.0257
6.51   1.02572
6.52   1.02574
6.53   1.02576
6.54   1.02578
6.55   1.02581
6.56   1.02583
6.57   1.02585
6.58   1.02587
6.59   1.02589
6.6   1.02591
6.61   1.02594
6.62   1.02596
6.63   1.02598
6.64   1.026
6.65   1.02602
6.66   1.02604
6.67   1.02606
6.68   1.02609
6.69   1.02611
6.7   1.02613
6.71   1.02615
6.72   1.02617
6.73   1.02619
6.74   1.02621
6.75   1.02623
6.76   1.02626
6.77   1.02628
6.78   1.0263
6.79   1.02632
6.8   1.02634
6.81   1.02636
6.82   1.02638
6.83   1.0264
6.84   1.02642
6.85   1.02644
6.86   1.02647
6.87   1.02649
6.88   1.02651
6.89   1.02653
6.9   1.02655
6.91   1.02657
6.92   1.02659
6.93   1.02661
6.94   1.02663
6.95   1.02665
6.96   1.02667
6.97   1.02669
6.98   1.02671
6.99   1.02673
7   1.02675
7.01   1.02678
7.02   1.0268
7.03   1.02682
7.04   1.02684
7.05   1.02685
7.06   1.02687
7.07   1.02689
7.08   1.02691
7.09   1.02693
7.1   1.02695
7.11   1.02697
7.12   1.02699
7.13   1.02701
7.14   1.02703
7.15   1.02705
7.16   1.02707
7.17   1.02709
7.18   1.02711
7.19   1.02713
7.2   1.02715
7.21   1.02716
7.22   1.02718
7.23   1.0272
7.24   1.02722
7.25   1.02724
7.26   1.02726
7.27   1.02728
7.28   1.0273
7.29   1.02732
7.3   1.02734
7.31   1.02736
7.32   1.02737
7.33   1.02739
7.34   1.02741
7.35   1.02743
7.36   1.02745
7.37   1.02747
7.38   1.02749
7.39   1.02751
7.4   1.02753
7.41   1.02754
7.42   1.02756
7.43   1.02758
7.44   1.0276
7.45   1.02762
7.46   1.02764
7.47   1.02766
7.48   1.02768
7.49   1.02769
7.5   1.02771
7.51   1.02773
7.52   1.02775
7.53   1.02777
7.54   1.02779
7.55   1.02781
7.56   1.02782
7.57   1.02784
7.58   1.02786
7.59   1.02788
7.6   1.0279
7.61   1.02792
7.62   1.02793
7.63   1.02795
7.64   1.02797
7.65   1.02799
7.66   1.02801
7.67   1.02803
7.68   1.02804
7.69   1.02806
7.7   1.02808
7.71   1.0281
7.72   1.02812
7.73   1.02813
7.74   1.02815
7.75   1.02817
7.76   1.02819
7.77   1.02821
7.78   1.02822
7.79   1.02824
7.8   1.02826
7.81   1.02828
7.82   1.0283
7.83   1.02831
7.84   1.02833
7.85   1.02835
7.86   1.02837
7.87   1.02839
7.88   1.0284
7.89   1.02842
7.9   1.02844
7.91   1.02846
7.92   1.02848
7.93   1.02849
7.94   1.02851
7.95   1.02853
7.96   1.02855
7.97   1.02856
7.98   1.02858
7.99   1.0286
8   1.02862
8.01   1.02863
8.02   1.02865
8.03   1.02867
8.04   1.02869
8.05   1.0287
8.06   1.02872
8.07   1.02874
8.08   1.02876
8.09   1.02877
8.1   1.02879
8.11   1.02881
8.12   1.02883
8.13   1.02884
8.14   1.02886
8.15   1.02888
8.16   1.0289
8.17   1.02891
8.18   1.02893
8.19   1.02895
8.2   1.02897
8.21   1.02898
8.22   1.029
8.23   1.02902
8.24   1.02904
8.25   1.02905
8.26   1.02907
8.27   1.02909
8.28   1.02911
8.29   1.02912
8.3   1.02914
8.31   1.02916
8.32   1.02917
8.33   1.02919
8.34   1.02921
8.35   1.02923
8.36   1.02924
8.37   1.02926
8.38   1.02928
8.39   1.02929
8.4   1.02931
8.41   1.02933
8.42   1.02934
8.43   1.02936
8.44   1.02938
8.45   1.0294
8.46   1.02941
8.47   1.02943
8.48   1.02945
8.49   1.02946
8.5   1.02948
8.51   1.0295
8.52   1.02951
8.53   1.02953
8.54   1.02955
8.55   1.02956
8.56   1.02958
8.57   1.0296
8.58   1.02961
8.59   1.02963
8.6   1.02965
8.61   1.02966
8.62   1.02968
8.63   1.0297
8.64   1.02971
8.65   1.02973
8.66   1.02975
8.67   1.02976
8.68   1.02978
8.69   1.0298
8.7   1.02981
8.71   1.02983
8.72   1.02984
8.73   1.02986
8.74   1.02988
8.75   1.02989
8.76   1.02991
8.77   1.02993
8.78   1.02994
8.79   1.02996
8.8   1.02997
8.81   1.02999
8.82   1.03001
8.83   1.03002
8.84   1.03004
8.85   1.03006
8.86   1.03007
8.87   1.03009
8.88   1.0301
8.89   1.03012
8.9   1.03014
8.91   1.03015
8.92   1.03017
8.93   1.03018
8.94   1.0302
8.95   1.03022
8.96   1.03023
8.97   1.03025
8.98   1.03026
8.99   1.03028
9   1.0303
9.01   1.03031
9.02   1.03033
9.03   1.03034
9.04   1.03036
9.05   1.03037
9.06   1.03039
9.07   1.0304
9.08   1.03042
9.09   1.03043
9.1   1.03045
9.11   1.03047
9.12   1.03048
9.13   1.0305
9.14   1.03051
9.15   1.03053
9.16   1.03054
9.17   1.03056
9.18   1.03057
9.19   1.03059
9.2   1.0306
9.21   1.03062
9.22   1.03063
9.23   1.03065
9.24   1.03066
9.25   1.03068
9.26   1.03069
9.27   1.03071
9.28   1.03072
9.29   1.03074
9.3   1.03075
9.31   1.03077
9.32   1.03078
9.33   1.0308
9.34   1.03081
9.35   1.03082
9.36   1.03084
9.37   1.03085
9.38   1.03087
9.39   1.03088
9.4   1.0309
9.41   1.03091
9.42   1.03093
9.43   1.03094
9.44   1.03096
9.45   1.03097
9.46   1.03099
9.47   1.031
9.48   1.03102
9.49   1.03103
9.5   1.03104
9.51   1.03106
9.52   1.03107
9.53   1.03109
9.54   1.0311
9.55   1.03112
9.56   1.03113
9.57   1.03115
9.58   1.03116
9.59   1.03118
9.6   1.03119
9.61   1.0312
9.62   1.03122
9.63   1.03123
9.64   1.03125
9.65   1.03126
9.66   1.03128
9.67   1.03129
9.68   1.0313
9.69   1.03132
9.7   1.03133
9.71   1.03135
9.72   1.03136
9.73   1.03137
9.74   1.03139
9.75   1.0314
9.76   1.03142
9.77   1.03143
9.78   1.03145
9.79   1.03146
9.8   1.03147
9.81   1.03149
9.82   1.0315
9.83   1.03152
9.84   1.03153
9.85   1.03154
9.86   1.03156
9.87   1.03157
9.88   1.03159
9.89   1.0316
9.9   1.03161
9.91   1.03163
9.92   1.03164
9.93   1.03165
9.94   1.03167
9.95   1.03168
9.96   1.0317
9.97   1.03171
9.98   1.03172
9.99   1.03174
10   1.03175
10.01   1.03176
10.02   1.03178
10.03   1.03179
10.04   1.03181
10.05   1.03182
10.06   1.03183
10.07   1.03185
10.08   1.03186
10.09   1.03188
10.1   1.03189
10.11   1.0319
10.12   1.03192
10.13   1.03193
10.14   1.03195
10.15   1.03196
10.16   1.03197
10.17   1.03199
10.18   1.032
10.19   1.03201
10.2   1.03203
10.21   1.03204
10.22   1.03206
10.23   1.03207
10.24   1.03208
10.25   1.0321
10.26   1.03211
10.27   1.03212
10.28   1.03214
10.29   1.03215
10.3   1.03216
10.31   1.03218
10.32   1.03219
10.33   1.03221
10.34   1.03222
10.35   1.03223
10.36   1.03225
10.37   1.03226
10.38   1.03227
10.39   1.03229
10.4   1.0323
10.41   1.03231
10.42   1.03233
10.43   1.03234
10.44   1.03235
10.45   1.03237
10.46   1.03238
10.47   1.03239
10.48   1.03241
10.49   1.03242
10.5   1.03243
10.51   1.03245
10.52   1.03246
10.53   1.03247
10.54   1.03249
10.55   1.0325
10.56   1.03251
10.57   1.03253
10.58   1.03254
10.59   1.03255
10.6   1.03256
10.61   1.03258
10.62   1.03259
10.63   1.0326
10.64   1.03262
10.65   1.03263
10.66   1.03264
10.67   1.03266
10.68   1.03267
10.69   1.03268
10.7   1.03269
10.71   1.03271
10.72   1.03272
10.73   1.03273
10.74   1.03275
10.75   1.03276
10.76   1.03277
10.77   1.03278
10.78   1.0328
10.79   1.03281
10.8   1.03282
10.81   1.03284
10.82   1.03285
10.83   1.03286
10.84   1.03287
10.85   1.03289
10.86   1.0329
10.87   1.03291
10.88   1.03292
10.89   1.03294
10.9   1.03295
10.91   1.03296
10.92   1.03298
10.93   1.03299
10.94   1.033
10.95   1.03301
10.96   1.03303
10.97   1.03304
10.98   1.03305
10.99   1.03306
11   1.03308
11.01   1.03309
11.02   1.0331
11.03   1.03311
11.04   1.03312
11.05   1.03314
11.06   1.03315
11.07   1.03316
11.08   1.03317
11.09   1.03318
11.1   1.03319
11.11   1.0332
11.12   1.03322
11.13   1.03323
11.14   1.03324
11.15   1.03325
11.16   1.03326
11.17   1.03327
11.18   1.03329
11.19   1.0333
11.2   1.03331
11.21   1.03332
11.22   1.03333
11.23   1.03334
11.24   1.03335
11.25   1.03337
11.26   1.03338
11.27   1.03339
11.28   1.0334
11.29   1.03341
11.3   1.03342
11.31   1.03343
11.32   1.03344
11.33   1.03346
11.34   1.03347
11.35   1.03348
11.36   1.03349
11.37   1.0335
11.38   1.03351
11.39   1.03352
11.4   1.03353
11.41   1.03354
11.42   1.03356
11.43   1.03357
11.44   1.03358
11.45   1.03359
11.46   1.0336
11.47   1.03361
11.48   1.03362
11.49   1.03363
11.5   1.03364
11.51   1.03366
11.52   1.03367
11.53   1.03368
11.54   1.03369
11.55   1.0337
11.56   1.03371
11.57   1.03372
11.58   1.03373
11.59   1.03374
11.6   1.03375
11.61   1.03377
11.62   1.03378
11.63   1.03379
11.64   1.0338
11.65   1.03381
11.66   1.03382
11.67   1.03383
11.68   1.03384
11.69   1.03385
11.7   1.03386
11.71   1.03387
11.72   1.03388
11.73   1.03389
11.74   1.03391
11.75   1.03392
11.76   1.03393
11.77   1.03394
11.78   1.03395
11.79   1.03396
11.8   1.03397
11.81   1.03398
11.82   1.03399
11.83   1.034
11.84   1.03401
11.85   1.03402
11.86   1.03403
11.87   1.03404
11.88   1.03405
11.89   1.03406
11.9   1.03408
11.91   1.03409
11.92   1.0341
11.93   1.03411
11.94   1.03412
11.95   1.03413
11.96   1.03414
11.97   1.03415
11.98   1.03416
11.99   1.03417
12   1.03418