   7.1220723408232281E-002   2.1538461538461538E-003
   7.4429404772449650E-002   2.1538461538461538E-003
   7.7702983490304176E-002   2.1538461538461538E-003
   8.1040960357672956E-002   2.1538461538461538E-003
   8.4442826350042507E-002   2.1538461538461538E-003
   8.7908062700132419E-002   2.1538461538461538E-003
   9.1436140977004560E-002   2.1538461538461538E-003
   9.5026523166646296E-002   2.1538461538461538E-003
   9.8678661754014921E-002   2.1538461538461538E-003
  0.10239199980653067        2.1538461538461538E-003
  0.10616597105900641        2.1538461538461538E-003
  0.10999999999999999        2.1538461538461538E-003
   7.1220723408232281E-002   2.2076923076923076E-003
   7.4429404772449650E-002   2.2076923076923076E-003
   7.7702983490304176E-002   2.2076923076923076E-003
   8.1040960357672956E-002   2.2076923076923076E-003
   8.4442826350042507E-002   2.2076923076923076E-003
   8.7908062700132419E-002   2.2076923076923076E-003
   9.1436140977004560E-002   2.2076923076923076E-003
   9.5026523166646296E-002   2.2076923076923076E-003
   9.8678661754014921E-002   2.2076923076923076E-003
  0.10239199980653067        2.2076923076923076E-003
  0.10616597105900641        2.2076923076923076E-003
  0.10999999999999999        2.2076923076923076E-003
   6.8077428705258236E-002   2.2615384615384615E-003
   7.1220723408232281E-002   2.2615384615384615E-003
   7.4429404772449650E-002   2.2615384615384615E-003
   7.7702983490304176E-002   2.2615384615384615E-003
   8.1040960357672956E-002   2.2615384615384615E-003
   8.4442826350042507E-002   2.2615384615384615E-003
   8.7908062700132419E-002   2.2615384615384615E-003
   9.1436140977004560E-002   2.2615384615384615E-003
   9.5026523166646296E-002   2.2615384615384615E-003
   9.8678661754014921E-002   2.2615384615384615E-003
  0.10239199980653067        2.2615384615384615E-003
  0.10616597105900641        2.2615384615384615E-003
  0.10999999999999999        2.2615384615384615E-003
   6.8077428705258236E-002   2.3153846153846154E-003
   7.1220723408232281E-002   2.3153846153846154E-003
   7.4429404772449650E-002   2.3153846153846154E-003
   7.7702983490304176E-002   2.3153846153846154E-003
   8.1040960357672956E-002   2.3153846153846154E-003
   8.4442826350042507E-002   2.3153846153846154E-003
   8.7908062700132419E-002   2.3153846153846154E-003
   9.1436140977004560E-002   2.3153846153846154E-003
   9.5026523166646296E-002   2.3153846153846154E-003
   9.8678661754014921E-002   2.3153846153846154E-003
  0.10239199980653067        2.3153846153846154E-003
  0.10616597105900641        2.3153846153846154E-003
  0.10999999999999999        2.3153846153846154E-003
   6.8077428705258236E-002   2.3692307692307693E-003
   7.1220723408232281E-002   2.3692307692307693E-003
   7.4429404772449650E-002   2.3692307692307693E-003
   7.7702983490304176E-002   2.3692307692307693E-003
   8.1040960357672956E-002   2.3692307692307693E-003
   8.4442826350042507E-002   2.3692307692307693E-003
   8.7908062700132419E-002   2.3692307692307693E-003
   9.1436140977004560E-002   2.3692307692307693E-003
   9.5026523166646296E-002   2.3692307692307693E-003
   9.8678661754014921E-002   2.3692307692307693E-003
  0.10239199980653067        2.3692307692307693E-003
  0.10616597105900641        2.3692307692307693E-003
  0.10999999999999999        2.3692307692307693E-003
   6.8077428705258236E-002   2.4230769230769228E-003
   7.1220723408232281E-002   2.4230769230769228E-003
   7.4429404772449650E-002   2.4230769230769228E-003
   7.7702983490304176E-002   2.4230769230769228E-003
   8.1040960357672956E-002   2.4230769230769228E-003
   8.4442826350042507E-002   2.4230769230769228E-003
   8.7908062700132419E-002   2.4230769230769228E-003
   9.1436140977004560E-002   2.4230769230769228E-003
   9.5026523166646296E-002   2.4230769230769228E-003
   9.8678661754014921E-002   2.4230769230769228E-003
  0.10239199980653067        2.4230769230769228E-003
  0.10616597105900641        2.4230769230769228E-003
  0.10999999999999999        2.4230769230769228E-003
   6.8077428705258236E-002   2.4769230769230771E-003
   7.1220723408232281E-002   2.4769230769230771E-003
   7.4429404772449650E-002   2.4769230769230771E-003
   7.7702983490304176E-002   2.4769230769230771E-003
   8.1040960357672956E-002   2.4769230769230771E-003
   8.4442826350042507E-002   2.4769230769230771E-003
   8.7908062700132419E-002   2.4769230769230771E-003
   9.1436140977004560E-002   2.4769230769230771E-003
   9.5026523166646296E-002   2.4769230769230771E-003
   9.8678661754014921E-002   2.4769230769230771E-003
  0.10239199980653067        2.4769230769230771E-003
  0.10616597105900641        2.4769230769230771E-003
  0.10999999999999999        2.4769230769230771E-003
   6.8077428705258236E-002   2.5307692307692305E-003
   7.1220723408232281E-002   2.5307692307692305E-003
   7.4429404772449650E-002   2.5307692307692305E-003
   7.7702983490304176E-002   2.5307692307692305E-003
   8.1040960357672956E-002   2.5307692307692305E-003
   8.4442826350042507E-002   2.5307692307692305E-003
   8.7908062700132419E-002   2.5307692307692305E-003
   9.1436140977004560E-002   2.5307692307692305E-003
   9.5026523166646296E-002   2.5307692307692305E-003
   9.8678661754014921E-002   2.5307692307692305E-003
  0.10239199980653067        2.5307692307692305E-003
  0.10616597105900641        2.5307692307692305E-003
  0.10999999999999999        2.5307692307692305E-003
   6.8077428705258236E-002   2.5846153846153844E-003
   7.1220723408232281E-002   2.5846153846153844E-003
   7.4429404772449650E-002   2.5846153846153844E-003
   7.7702983490304176E-002   2.5846153846153844E-003
   8.1040960357672956E-002   2.5846153846153844E-003
   8.4442826350042507E-002   2.5846153846153844E-003
   8.7908062700132419E-002   2.5846153846153844E-003
   9.1436140977004560E-002   2.5846153846153844E-003
   9.5026523166646296E-002   2.5846153846153844E-003
   9.8678661754014921E-002   2.5846153846153844E-003
  0.10239199980653067        2.5846153846153844E-003
  0.10616597105900641        2.5846153846153844E-003
   6.8077428705258236E-002   2.6384615384615383E-003
   7.1220723408232281E-002   2.6384615384615383E-003
   7.4429404772449650E-002   2.6384615384615383E-003
   7.7702983490304176E-002   2.6384615384615383E-003
   8.1040960357672956E-002   2.6384615384615383E-003
   8.4442826350042507E-002   2.6384615384615383E-003
   8.7908062700132419E-002   2.6384615384615383E-003
   9.1436140977004560E-002   2.6384615384615383E-003
   9.5026523166646296E-002   2.6384615384615383E-003
   9.8678661754014921E-002   2.6384615384615383E-003
  0.10239199980653067        2.6384615384615383E-003
  0.10616597105900641        2.6384615384615383E-003
   7.1220723408232281E-002   2.6923076923076922E-003
   7.4429404772449650E-002   2.6923076923076922E-003
   7.7702983490304176E-002   2.6923076923076922E-003
   8.1040960357672956E-002   2.6923076923076922E-003
   8.4442826350042507E-002   2.6923076923076922E-003
   8.7908062700132419E-002   2.6923076923076922E-003
   9.1436140977004560E-002   2.6923076923076922E-003
   9.5026523166646296E-002   2.6923076923076922E-003
   9.8678661754014921E-002   2.6923076923076922E-003
  0.10239199980653067        2.6923076923076922E-003
   7.4429404772449650E-002   2.7461538461538461E-003
   7.7702983490304176E-002   2.7461538461538461E-003
   8.1040960357672956E-002   2.7461538461538461E-003
   8.4442826350042507E-002   2.7461538461538461E-003
   8.7908062700132419E-002   2.7461538461538461E-003
   9.1436140977004560E-002   2.7461538461538461E-003
   9.5026523166646296E-002   2.7461538461538461E-003
   9.8678661754014921E-002   2.7461538461538461E-003
   7.7702983490304176E-002   2.8000000000000000E-003
   8.1040960357672956E-002   2.8000000000000000E-003
   8.4442826350042507E-002   2.8000000000000000E-003
   8.7908062700132419E-002   2.8000000000000000E-003
   9.1436140977004560E-002   2.8000000000000000E-003
   9.5026523166646296E-002   2.8000000000000000E-003
