11722.9392528691
25474.5019196701
36322.0441508843
46386.6596625127
54875.1221896862
61745.9761454096
67370.872454212
70999.1000912047
72568.2281241938
72461.2693374603
70774.8841288512
67749.1154822447
63748.4238768293
59093.1035496037
54085.1564638331
49333.2187561084
44504.8416348536
39597.1549181883
34944.4754112389
30584.2571537748
26629.0767207973
23051.1259103299
19740.1878011081
16530.9957856545
13587.8733555273
10974.5385969455
8569.5277273674
6550.1218280701
4824.4289516034
3331.1691496016
2178.4413696579
1341.3777663473
790.6580929965
450.3508016321

