0.0
0.0132855055134590
0.0417164873123041
0.0763916567025230
0.1173110136840490
0.1630131526504440
0.2133652185465230
0.2673043709312710
0.3232363491430640
0.3803640228510580
0.4373588415039340
0.4936893848810830
0.5476285372658310
0.5983791683273320
0.6452770027899280
0.6888534608741590
0.7297728178556850
0.7677693636242690
0.8029759532350290
0.8349940215225420
0.8646206988175880
0.8901288694034910
0.9124485186661470
0.9315796466055580
0.9473893981666030
0.9602763385147070
0.9707718878703420
0.9790089012886950
0.9852530888800350
0.9901687259200230
0.9938886674637970
0.9964129135113570
0.9982728842832440
0.9993357247243260
1.0000000000000000

