   5.7088697719998415E-005
   5.7755221403795747E-005
   5.4816607416625188E-005
   5.3774049367110115E-005
   8.4885606721350797E-006
   8.4307074704458763E-006
   8.4562188067594271E-006
   8.3940592623624239E-006
   9.6751934071827653E-005
   9.7881535167798687E-005
   9.2901274659076702E-005
   9.1134383633335221E-005
   1.4386116610038251E-005
   1.4288069021299558E-005
   1.4331304744440404E-005
   1.4225958916253338E-005
   1.3128892299949370E-004
   1.3282175138924963E-004
   1.2606371554511227E-004
   1.2366610745538804E-004
   1.9521447028385698E-005
   1.9388399948224554E-005
   1.9447069282132140E-005
   1.9304118751397530E-005
   1.7595469425839437E-004
   1.7800900580660582E-004
   1.6895182029867813E-004
   1.6573852256768451E-004
   2.6162833580212239E-005
   2.5984522586589291E-005
   2.6063151799733893E-005
   2.5871568105124856E-005
   1.7834295666919480E-004
   1.8042515173066688E-004
   1.7124503153328747E-004
   1.6798811917627897E-004
   2.6517946083820034E-005
   2.6337214845342023E-005
   2.6416911305910375E-005
   2.6222727213862185E-005
   2.2289651396384819E-004
   2.2549888205991898E-004
   2.1402538836002235E-004
   2.0995483562151671E-004
   3.3142647458337963E-005
   3.2916766023077009E-005
   3.3016372217612049E-005
   3.2773677142947230E-005
   2.5528738508511027E-004
   2.5826792405568653E-004
   2.4512712542968274E-004
   2.4046504819040987E-004
   3.7958870033333286E-005
   3.7700163964218208E-005
   3.7814244729722030E-005
   3.7536281697091239E-005
   2.5616289481234812E-004
   2.5915365556047253E-004
   2.4596779048115800E-004
   2.4128972461804146E-004
   3.8089050221978547E-005
   3.7829456918737411E-005
   3.7943928924959420E-005
   3.7665012616322456E-005
   2.3559770931866209E-004
   2.3834836679344755E-004
   2.2622108500914732E-004
   2.2191858209513453E-004
   3.5031197586189445E-005
   3.4792444867366213E-005
   3.4897726869534317E-005
   3.4641202428496040E-005
   2.7441412021221530E-004
   2.7761796821706785E-004
   2.6349262985521149E-004
   2.5848125875455985E-004
   4.0802838420606792E-005
   4.0524749480465476E-005
   4.0647377446937196E-005
   4.0348588765994455E-005
   2.5522704752796270E-004
   2.5820688204367375E-004
   2.4506918926517525E-004
   2.4040821391486461E-004
   3.7949898397350848E-005
   3.7691253473804055E-005
   3.7805307276147474E-005
   3.7527409940497233E-005
   2.5649919093184785E-004
   2.5949387801455984E-004
   2.4629070224994242E-004
   2.4160649492204560E-004
   3.8139054340625304E-005
   3.7879120237751207E-005
   3.7993742525267902E-005
   3.7714460049343813E-005
   2.2983460706129625E-004
   2.3251797899095472E-004
   2.2068735019716500E-004
   2.1649009348579068E-004
   3.4174277650630448E-005
   3.3941365210716452E-005
   3.4044071844278005E-005
   3.3793822407311258E-005
   2.2368209835873373E-004
   2.2629363833340271E-004
   2.1477970704457654E-004
   2.1069480790534415E-004
   3.3259456582830071E-005
   3.3032779043011556E-005
   3.3132736293158300E-005
   3.2889185855347662E-005
   1.9496085333152663E-004
   1.9723706616083542E-004
   1.8720154751298171E-004
   1.8364115788948692E-004
   2.8988873424873379E-005
   2.8791301750973776E-005
   2.8878424283032790E-005
   2.8666146226213615E-005
   1.6003756520463656E-004
   1.6190604060810988E-004
   1.5366818186609283E-004
   1.5074556393132713E-004
   2.3796103892985578E-005
   2.3633923182837930E-005
   2.3705439477862946E-005
   2.3531186735431922E-005
   1.6842629077610944E-004
   1.7039270648114101E-004
   1.6172304201779252E-004
   1.5864722855187956E-004
   2.5043429700356284E-005
   2.4872747926919679E-005
   2.4948012907899087E-005
   2.4764626319708376E-005
   1.4270928021045421E-004
   1.4437544389883373E-004
   1.3702955051408109E-004
   1.3442338301042491E-004
   2.1219548385648487E-005
   2.1074928012428010E-005
   2.1138700783360205E-005
   2.0983315493567559E-005
   1.3223113997583619E-004
   1.3377496896562483E-004
   1.2696843294376044E-004
   1.2455361801744152E-004
   1.9661545967219927E-005
   1.9527544052372677E-005
   1.9586634436595380E-005
   1.9442657997400562E-005
   1.1021578746304838E-004
   1.1150258214582063E-004
   1.0582927608733491E-004
   1.0381650716822557E-004
   1.6388066925189213E-005
   1.6276375181707721E-005
   1.6325627522947363E-005
   1.6205621928010493E-005
   9.5958710246724571E-005
   9.7079050271991577E-005
   9.2139620588292784E-005
   9.0387215475121633E-005
   1.4268171573018921E-005
   1.4170927830571550E-005
   1.4213809084253772E-005
   1.4109326937207504E-005
   7.8909355323820239E-005
   7.9830640206766194E-005
   7.5768818085503159E-005
   7.4327769561706144E-005
   1.1733090384205248E-005
   1.1653124313318425E-005
   1.1688386688926026E-005
   1.1602468288761299E-005
   7.1129529323017929E-005
   7.1959982947020240E-005
   6.8298623726765077E-005
   6.6999650964807110E-005
   1.0576302304183409E-005
   1.0504220242929069E-005
   1.0536006032706309E-005
   1.0458558493833068E-005
   6.2542247963218045E-005
   6.3272443101139425E-005
   6.0053110168459536E-005
   5.8910958978242793E-005
   9.2994530898454618E-006
   9.2360733066306015E-006
   9.2640216814458874E-006
   9.1959241806406436E-006
   4.8958075805468518E-005
   4.9529672607300239E-005
   4.7009578576559923E-005
   4.6115502549986280E-005
   7.2796124883424581E-006
   7.2299987898870984E-006
   7.2518767795246172E-006
   7.1985700514302443E-006
   3.9541045994047593E-005
   4.0002696805674332E-005
   3.7967339975582250E-005
   3.7245238448769878E-005
   5.8793873632639956E-006
   5.8393168028859023E-006
   5.8569865862726517E-006
   5.8139333462771271E-006
   3.2418864216668308E-005
   3.2797361917004691E-005
   3.1128616059417697E-005
   3.0536580346657280E-005
   4.8203848890477974E-006
   4.7875318872284055E-006
   4.8020189675256524E-006
   4.7667205300054949E-006
   2.1239016991176547E-005
   2.1486987402318621E-005
   2.0393718946447697E-005
   2.0005850436352371E-005
   3.1580451393438285E-006
   3.1365216998059768E-006
   3.1460128202391089E-006
   3.1228872687317524E-006
   1.8250278532981832E-005
   1.8463354734821151E-005
   1.7523930191808817E-005
   1.7190642246027095E-005
   2.7136474082909772E-006
   2.6951527309376527E-006
   2.7033082680591067E-006
   2.6834369267247395E-006
   1.2001150037069514E-005
   1.2141266225596792E-005
   1.1523512646174885E-005
   1.1304346750397193E-005
   1.7844598719822322E-006
   1.7722980084028189E-006
   1.7776609854363251E-006
   1.7645938452082687E-006
   8.2405068954758219E-006
   8.3367167098819702E-006
   7.9125404755038326E-006
   7.7620517248565565E-006
   1.2252870628522009E-006
   1.2169362031113904E-006
   1.2206186543005162E-006
   1.2116461925930264E-006
   4.8324004940556899E-006
   4.8888198819120996E-006
   4.6400743289290722E-006
   4.5518246712075320E-006
   7.1853320226426807E-007
   7.1363608862196981E-007
   7.1579555273884784E-007
   7.1053391908716395E-007
   2.8483560854252558E-006
   2.8816112982194868E-006
   2.7349935022745501E-006
   2.6829766113076173E-006
   4.2352417225498637E-007
   4.2063767237543053E-007
   4.2191052274578624E-007
   4.1880916426991331E-007
   1.5412545873692923E-006
   1.5592490893682926E-006
   1.4799137310728880E-006
   1.4517672250114792E-006
   2.2917028411225630E-007
   2.2760838979589232E-007
   2.2829713320209193E-007
   2.2661897821210515E-007
