0.629472057988809
0.171290209584396
0.053164574141019
0.005304775187556
0.044657901215816
0.052563967316598
0.062832012031183
0.06957739366564
0.059568512580745
0.05763914650145
0.064133675519615
0.067684898635625
0.045372959743699
0.003853298600781
0.044700751439297
0.072665353539029
0.090243949443197
0.08712025853035
0.071764168548857
0.074792964748076
0.094080251444955
0.091917435045075
0.098254451529257
0.151418818866478
0.267903996538624
0.50873141990645
0.620440474302947
0.167330544727091
0.050898362653479
0.005322108763375
0.04412137405178
0.052683697178277
0.062465100090018
0.068861645959272
0.058864518116476
0.056845329524733
0.06379553078842
0.067687493716723
0.046121584824542
0.0026912892731
0.044195246030446
0.072847686214031
0.090928297099207
0.087847976720285
0.072400026271155
0.075017427196438
0.095470855197863
0.095595576708309
0.103376572358938
0.157849380124808
0.275831407501347
0.52826127738267
0.635860594228998
0.174406807114723
0.056152996149391
0.001596815134178
0.041080752722067
0.050039347367635
0.060711572859578
0.06759304626845
0.058095621816895
0.057040412834038
0.064559987595883
0.068648761963326
0.046598821734474
0.001971803691195
0.042162694717114
0.069773860903103
0.08633365803548
0.081664931961061
0.065202844004594
0.067579736850145
0.085384107003688
0.081793027665395
0.087345572157501
0.138722241607504
0.252233240499447
0.485649210735255
0.634540702211158
0.175420762546993
0.056833797157658
0.001510106397344
0.041351868158217
0.050190289262116
0.060843674932765
0.067857235881715
0.058358211639613
0.056785034172373
0.063935595295325
0.068475158459495
0.047160418055646
0.001317970468344
0.041764949206236
0.069231280128237
0.085575149945765
0.080795128690258
0.064525193047693
0.067311213225322
0.086273768061395
0.083759851876649
0.089373972950694
0.140781657100155
0.254753123831113
0.493559762092455
0.624280758922993
0.169529748009627
0.052785831667229
0.003594998100683
0.042606125840346
0.051431046297775
0.061479854764413
0.0680438976276
0.058233313146486
0.056528102012928
0.06381226880242
0.067982002620856
0.046530405697934
0.002022129186455
0.043070076219029
0.07127447871766
0.088649137156493
0.084740850241856
0.068723699889301
0.071109865128656
0.09078785233449
0.089889802016901
0.096905060248267
0.150261054883638
0.266580328332679
0.513193175770105
0.635824690590709
0.174987570772
0.056840190666361
0.000690549728266
0.040278784527816
0.049466912055498
0.060164517505223
0.067096804570919
0.057680607215459
0.056614318216683
0.064299310818056
0.068724139685077
0.047090443701313
0.001235326556992
0.041398790713528
0.068860531357463
0.085091516698945
0.079968478883609
0.063240739520908
0.065506880097855
0.083482359818998
0.080166978098963
0.085628796006379
0.136759103007801
0.249909597424485
0.484280315252431
0.632459442757435
0.174429425470236
0.0560314950551
0.002158910210853
0.04191868466707
0.05067201929165
0.061181718765114
0.068122688448573
0.058546000822465
0.056801942131028
0.063827661004875
0.068327311389824
0.047092269460067
0.001443745881453
0.04212244015716
0.06977412424308
0.08639044514575
0.081903713029445
0.065833596160781
0.068693421863604
0.088135522340693
0.08624860959319
0.09223433495191
0.144137801482007
0.258866376602083
0.500759396353838
0.621271937427704
0.167049194101679
0.0505639000738
0.005910024659288
0.044627699847449
0.052865828218528
0.062675376505092
0.069082985130499
0.058964146054375
0.057050434190785
0.063946999835046
0.067515197390459
0.045449914746777
0.003566548068083
0.044855083160741
0.073358543712067
0.091488095856135
0.088603175680318
0.073150702053158
0.075676191280364
0.095534990101798
0.094830280052743
0.102258937660824
0.156678504067522
0.274482520836701
0.521792475300729
0.633843879239561
0.173361730048973
0.05537511896955
0.002209285941332
0.041593350230152
0.050389063983847
0.060926691789569
0.06775211641712
0.058131254370869
0.056929968934581
0.064364101498078
0.068405672604918
0.046381845151946
0.002237355832612
0.042550664327383
0.070205768545062
0.086924432063924
0.082447197368489
0.066058886406754
0.068408693608726
0.086493108030448
0.083292676566367
0.089018348060039
0.14082222626876
0.254904895082622
0.489574235705312