2.02729284470848E-08       -3.1924851644624342E-0010   1.1002928516001716E-0012  -4.5780807580738650E-0014   1.9999912627610226E-0013  -1.5067185137279128E-0013  -1.3058250356867661E-0013  -1.2502818535169516E-0014   4.7120460481806618E-0013  -3.2520253918485761E-0013   5.8823562045563649E-0013   4.2353080571369735E-0017  -1.2253613545975661E-0013  -5.4335574402287622E-0014   1.5982770514187199E-0013   413.07162181203853       -1155.5164515917345        612.59840589953365       -553.42770234573948       -18.908504713076830       -114.54302478347886        1.4167355525404695        37.045032029238868     
2.01529284470848E-08   7.7233834621147177E-0012   5.3197181108447789E-0012  -2.7019570460571570E-0012  -2.0618126586311035E-0012  -6.2552938115963436E-0012  -3.2717513049401487E-0012   1.0868967510385788E-0012   1.4999085544463796E-0012   7.1241060335261574E-0013   1.0327761097326457E-0012  -1.4955159807817399E-0012  -1.2873393450435894E-0012  -1.6854483017336976E-0012  -5.5046096071487702E-0013  -2064.1039507032669       -8172.8922279368544       -1709.5529098283878       -2989.8348970482680        985.13431326289628        487.98620529768084        530.01390802587434        580.12289569340362
2.01629284470848E-08   4.5636994745329146E-0012   5.1061462624976670E-0012  -4.2771639357349227E-0012  -2.9353550605598397E-0012  -2.7819909171988254E-0012  -1.2891788084741007E-0012   3.3639981750183895E-0013   1.0092184609225032E-0012  -7.3520097939427523E-0013  -3.2412065500085213E-0013  -1.1823424092428027E-0013   2.1009448501261292E-0013  -8.6300952491044625E-0014   3.9780132482014662E-0013   567.08729296196509       -2954.3426846007842        3177.2584957702848        899.28343901929657        96.433363555012448       -126.13962680999519       -98.051722488121086       -218.54053247004106     
2.01729284470848E-08  -9.0631578184845315E-0014   5.3848632614874386E-0013   2.2550156956958095E-0013   2.6230314571670265E-0013   3.3448340553402555E-0013   1.1650708337148147E-0013  -3.7755873800140562E-0013   2.9587682123838935E-0013  -3.3961926571423936E-0013   2.6003773621280013E-0013   3.2585112088089540E-0014  -1.4262528402497637E-0013   1.8558629382797669E-0014   9.8224398565430800E-0014   1283.8696032191560       -1031.8282250546299        147.95432317445693       -485.49898343848724       -41.045048620121818        4.3111253307449218       -20.215113358686985      -0.20025937772264557
2.01829284470848E-08	0.003848252797E-15	-0.00254315922660E-13	0.0038398407377E-14	-0.001393009429058E-10	0.0077426942731E-13	-0.00488777475370E-16	-0.00022812141431E-19	0.00076119105827E-18	-0.00050738145584E-15	0.00137390726969E-17	-0.00046337057947E-11	-0.00082387268110E-11	-0.0004109830262E-15	-0.00079578093463E-17	-60.78268462558918	84.2051735922092	460.026911034256	-345.622365700998	15.2418752698968	-122.802831607131	111.674132896911	40.1979604201476
2.01929284470848E-08	-0.004228071406849E-15	-0.00077303148520E-12	-0.00640110739121E-15	0.00147597956584E-18	-0.00057958706352E-16	0.00549961205409E-11	-0.00142935410476E-13	-0.00077607688748E-12	0.00053223531480E-14	-0.00084199052616E-12	0.00207608992163E-13	-0.00140192841529E-17	0.001399468192284E-16	0.000269409774839E-16	1159.88104166287	14.9410664856357	-46.3253545078225	37.6767862830832	-95.5782784054415	27.6106481226247	28.9199345028731	-62.0904026542525
2.02029284470848E-08	-0.004112192416883E-15	0.00436477501937E-6	0.00536348761779E-6	-0.003473739732775E-6	7.74463531230995E-05	-0.000496827993285E-6	-0.000735831512357E-16	0.001585599035531E-16	-0.001195150554257E-16	0.000937015028962E-12	0.000773102556691E-12	-0.000513139933311E-12	0.000113221951644E-12	-0.000381452360743E-12	677.222250241372	-355.565963409014	436.908742765507	-253.714632873238	22.0556765151379	-105.918948111768	-54.0579033863794	41.813657676506
2.0219284470848E-08	0.003127331240013E-15	-0.001035800738087E-12	0.005813734071565E-12	0.001749975833592E-12	-0.001075512051984E-12	0.001876809442608E-12	2.37081971023207E-018	0.000900631937517E-12	0.001596771140684E-12	-0.000377706081496E-12	0.000815508783672E-12	0.00176945951199E-11	-0.000243155292518E-11	0.001469312425051E-11	248.479809015248	111.522032990957	1.10992988328093	504.835363573818	-180.647742720299	-98.5372005633264	80.6308557236578	27.4523944674014
2.0229284470848E-08	0.004163118948196E-15	-0.000627642807728E-11	0.003324663026724E-11	-0.002569369642068E-11	0.002887830999014E-11	0.002641265015432E-11	-0.000188592019135E-11	6.85327679499634E-09	-0.00050435082607E-11	-0.000826463642366E-11	-0.001183538143937E-11	0.001167454984258E-11	0.000214790169206E-11	-0.00071238468156E-11	311.499003053795	-558.410188294143	159.94682084502	101.735049204509	17.6386037158539	-11.6795911029799	-31.1880546512053	21.4034732092964
2.0239284470848E-08	0.005184243861731E-10	-0.002116880738694E-11	-0.001295489873262E-11	0.003896787424883E-11	-0.00173928200677E-11	-0.005010804788078E-11	-0.000966590517031E-11	-0.000568897316692E-11	0.00046135309976E-11	-0.001045694739915E-11	0.001035317446712E-11	0.000434841963768E-11	0.001173522479816E-11	-0.000834781718856E-11	561.138877578986	352.286079678518	-628.538996951275	496.161196346563	101.10790535129	-75.9006784421287	3.6736047764374	-105.839154838995
2.0249284470848E-08	0.004329821568737E-10	-0.000761141221924E-11	0.004058196241172E-11	0.00275096571515E-11	-0.007693689951269E-11	0.002931657267759E-11	0.000100781477743E-11	-0.000133362012939E-11	0.001105117859437E-11	3.97430326523823EE-11	-0.000217735595689E-11	3.45827428381421E-11	0.000581793186424E-11	3.80291077444927E-11	198.891332050181	120.251010951132	-684.242260368443	-427.635019730107	-67.9130245587507	-8.95943104016636	-39.6488795983716	-35.2973983089317
2.0259284470848E-08	-0.012705073766E-10	-0.001824544112079E-11	-0.003494919515412E-11	-0.006627113744171E-11	0.00362174716996E-11	0.00323861775401E-11	-0.000203853020468E-11	-1.10912145618073EE-11	0.000512038279076E-11	0.001029006267565E-11	0.000985827837783E-11	-0.00147343712631E-11	-0.001031300829996E-11	0.00070809791389E-11	-748.730046020763	437.240968292254	280.719352826668	-685.214525651109	46.2913681043347	-57.3444964076236	-85.9925338446215	31.940851908719
2.0269284470848E-08	0.001889680660157E-10	-0.001071587559799E-11	-0.002883801796961E-11	0.003579755793919E-11	0.000718691814277E-11	7.60954191756841E-11	0.00025179700226E-11	0.002278708970849E-11	0.000316055338699E-11	0.000576273852086E-11	-0.000472529429859E-11	-0.000220403628988E-11	-3.93289989318702E-11	6.97624450779812E-11	-124.574088472611	-464.134702427986	-1065.29859809209	-662.759918443144	-66.6229005939276	20.1753555356763	45.4460654867439	55.3217666979105
2.0279284470848E-08	0.003213887728525E-10	0.006227062164535E-11	-0.00221741302895E-11	0.006858679786359E-11	-0.012832529852022E-11	-0.002784101195659E-11	0.000831041119329E-11	0.001171447186657E-11	0.001006356986786E-11	-1.50220526803765E-16	-0.000588978285252E-11	0.001083037189406E-11	-0.00026934386528E-11	0.000162778616363E-11	-247.977138552628	-400.879322270384	-514.324955400473	-24.235458247639	-3.82533667288637	-116.078085147619	-93.4094947459879	24.2288753044002
2.0289284470848E-08	-0.001286462691181E-10	0.001255860641941E-11	0.004344078800388E-11	-0.006570390285374E-11	0.002752169363253E-11	0.007926688548331E-11	0.000406819377193E-11	7.71619822393269E-15	0.000319372606996E-11	0.000387621931599E-11	-0.00043237656807E-11	-0.000736058656205E-11	-0.000634392484408E-11	0.00051853300505E-11	569.423198975576	107.661127667327	505.769870957733	750.790141056266	104.296425403776	137.208838830507	62.2937709538495	1.53990625339051
2.0299284470848E-08	-0.005558662924182E-10	0.002526767491773E-11	0.000581669392294E-11	0.002295327652606E-11	0.003015090106067E-11	-0.006197087908394E-11	0.001190596762639E-11	0.000800170931512E-11	-0.001156456438085E-11	-0.000337620363019E-11	0.001782118590513E-11	-6.48866487043763E-11	-0.000845106429904E-11	-0.001951091267229E-11	734.517769295611	-1355.16188288866	1139.47779736883	-308.609549419723	49.16653454458	-30.763712351514	110.434282150356	64.5337484664831
2.0299284470848E-08	0.000830267486743E-10	0.006466925119715E-11	0.002631693801225E-11	0.005638805096564E-11	-0.003849751874903E-11	0.00081326544466E-11	-0.001483209716938E-11	0.002016893960207E-11	-0.000210148260424E-11	0.001311177545676E-11	0.000251008095017E-11	-0.000727921639523E-11	0.001560699126636E-11	0.001700664388575E-11	418.843682394922	-224.042757668257	39.1466169640623	167.474329497365	143.03910129436	-102.848991285716	-4.39969000869863	29.1930597045016
2.0309284470848E-08	-0.002963283081102E-10	-0.006856598274313E-11	-0.0003523623632E-11	0.004089431660818E-11	-0.002913170708234E-11	-0.001370834675675E-11	0.000558562148704E-11	0.001360529884231E-11	0.001636574049491E-11	0.000111984826521E-11	0.000467158838674E-11	0.001016211057223E-11	-0.001367866044674E-11	0.003155555528192E-11	990.231181748021	-429.377429459852	-319.047382567749	227.816145663963	-97.2953204611678	91.3668425206615	-6.44627313167407	12.4952865463918
2.0319284470848E-08	0.00602867066076E-10	0.004296228019624E-11	-0.004029413222127E-11	-0.007549406925952E-11	0.000739362916337E-11	0.002844296343813E-11	-0.000853079910928E-11	0.002381944556082E-11	6.67189785312711E-15	0.001012140378094E-11	-0.000756905096248E-11	-0.000495454098239E-11	0.000272086242513E-11	-3.61525997713126E-15	926.48367105	683.241778274689	261.188137274181	-381.067738279466	-78.0152552008751	-20.3811921333061	24.0960216817801	-3.05279481844233
2.0329284470848E-08	-0.005302643467471E-10	0.003591165975713E-11	-0.002015065133555E-11	0.00093983628498E-11	0.006832966395814E-11	0.000774919863749E-11	-0.001012357160948E-11	0.002223465094931E-11	0.000336531357765E-11	-0.000897793484639E-11	-0.000442931111011E-11	0.000896614601873E-11	0.001054844503876E-11	0.000417720293441E-11	140.482090217984	-442.451497320821	24.4557982773623	-190.410705656279	-25.9927337361815	-190.282408359454	87.3719093682793	32.3349197065235
2.0339284470848E-08	0.006417724796345E-10	0.001949477373249E-11	-0.001878055355269E-11	-0.002749870152016E-11	-0.002415550732442E-11	-0.005911284262506E-11	0.000409448942692E-11	5.18406337356574E-16	-6.81274902544639E-15	-0.000662971864078E-11	-0.001390993742958E-11	0.000671258418428E-11	0.000838653334478E-11	0.000323118869056E-11	64.0927867365597	679.282156396744	-67.0287680166444	-202.517154599561	15.3250407163315	41.8648721614476	26.3671767330333	-0.082546267049153
2.0349284470848E-08	-0.003350120820183E-10	0.001860063252673E-11	-0.001184782361049E-11	0.003297747314757E-11	-0.003898400629088E-11	-0.002339918403234E-11	-0.001979233770267E-11	-0.000359804452865E-11	0.000685354653563E-11	-0.000605930831691E-11	0.000804015126816E-11	5.13369785942065E-15	-0.001997629549216E-11	0.000706226952693E-11	-244.421343075409	-575.621886157498	-134.975946277424	205.740362845901	-102.481281478455	35.9426164253051	-5.07929058209902	28.5522381027181
2.0272928447084801E-008   6.9212177751413985E-014   2.0272928447084801E-008  -1.1032118077245129E-014   1.3705001292254491E-013   2.8624387868222368E-013   3.7418069988735234E-014  -3.4358731813707065E-03   3.2805303017034160E-03  -2.3250651432455719E-03   2.8495285503682124E-03  -2.3065605448492296E-05  -9.7161843107433665E-04  -2.0683767238829302E-04   9.3136329819436671E-04   1352.1274458975404       -1267.0032418762589        552.90257454799064       -652.87870295671541        5.7683099302235163        44.196071727790944       -44.122674377627533       -44.876979359785530     
2.0272928447084801E-008   6.9212177751413985E-014   2.0272928447084801E-008  -1.1032118077245129E-014   1.3705001292254491E-013   2.8624387868222368E-013   3.7418069988735234E-014  -3.4358731813707065E-03   3.2805303017034160E-03  -2.3250651432455719E-03   2.8495285503682124E-03  -2.3065605448492296E-05  -9.7161843107433665E-04  -2.0683767238829302E-04   9.3136329819436671E-04   1352.1274458975404       -1267.0032418762589        552.90257454799064       -652.87870295671541        5.7683099302235163        44.196071727790944       -44.122674377627533       -44.876979359785530     