0.427571063279727
0.163356927653992
0.058484230967985
0.001759305933937
0.047124748118834
0.05794269683894
0.071099279215917
0.079742381368706
0.067846785171394
0.066539918540961
0.075917199835142
0.081079656176593
0.053764045059367
0.002164715665974
0.044502614058177
0.071745300383971
0.087419756477734
0.083049216539083
0.067332836002777
0.069631998406499
0.086533898090087
0.083169634237802
0.088362091899275
0.134004992782824
0.221569397438076
0.359582954003251
0.427571063279727
0.163356927653992
0.058484230967985
0.001759305933937
0.047124748118834
0.05794269683894
0.071099279215917
0.079742381368706
0.067846785171394
0.066539918540961
0.075917199835142
0.081079656176593
0.053764045059367
0.002164715665974
0.044502614058177
0.071745300383971
0.087419756477734
0.083049216539083
0.067332836002777
0.069631998406499
0.086533898090087
0.083169634237802
0.088362091899275
0.134004992782824
0.221569397438076
0.359582954003251
0.427556304580058
0.163819884258632
0.059161461009137
0.000760129608387
0.046166180622357
0.057245354160911
0.070417610835536
0.079114837841309
0.067332444203992
0.066013032888764
0.075589601159425
0.081175253085612
0.054359291214
0.001357182648922
0.043728368220669
0.070866668074094
0.086260621273301
0.08145175390943
0.065427151996024
0.067627501477065
0.084755044665645
0.081638929625545
0.086762322401094
0.132336757111105
0.219936351983682
0.358900095422391
0.427556304580058
0.163819884258632
0.059161461009137
0.000760129608387
0.046166180622357
0.057245354160911
0.070417610835536
0.079114837841309
0.067332444203992
0.066013032888764
0.075589601159425
0.081175253085612
0.054359291214
0.001357182648922
0.043728368220669
0.070866668074094
0.086260621273301
0.08145175390943
0.065427151996024
0.067627501477065
0.084755044665645
0.081638929625545
0.086762322401094
0.132336757111105
0.219936351983682
0.358900095422391
0.426741058936444
0.162522688588038
0.057716568992056
0.002435595462279
0.047738280263554
0.058369136537923
0.071367549671114
0.079943681687325
0.067890966872718
0.066403303853576
0.075671008093263
0.080771466348247
0.053501529315231
0.002455597370773
0.044895401596928
0.072160277648809
0.087970122346733
0.083784148848846
0.068162064942165
0.070431440159318
0.087568359274697
0.084577276487653
0.089916008339507
0.135783161765944
0.223439549634096
0.361533951358154
0.426741058936444
0.162522688588038
0.057716568992056
0.002435595462279
0.047738280263554
0.058369136537923
0.071367549671114
0.079943681687325
0.067890966872718
0.066403303853576
0.075671008093263
0.080771466348247
0.053501529315231
0.002455597370773
0.044895401596928
0.072160277648809
0.087970122346733
0.083784148848846
0.068162064942165
0.070431440159318
0.087568359274697
0.084577276487653
0.089916008339507
0.135783161765944
0.223439549634096
0.361533951358154