7357
6801
8862
10689
12012
13356
14018
14113
13861
13278
12215
11170
10184
9402
8406
7325
6304
5279
4280
3312
2736
1973
1369
1028
657
1232
3279
3095
4112
4854
5537
6174
6451
6561
6566
6181
5609
5145
4588
4260
3903
3258
2978
2475
1984
1557
1232
988
631
436
311
504
52996
49689
65505
78140
88795
98582
102856
103808
102203
96984
89466
80310
73372
67743
61180
53635
46168
38065
30875
24751
19819
14498
10429
7065
4902
8673
47626
46007
59908
73540
83309
91523
96694
97209
95860
91375
83847
75780
69179
63738
57443
50783
43390
36127
28966
23505
18400
13643
9701
6737
4672
7968
4333
4128
5487
6432
7419
8122
8714
8737
8331
8094
7681
6712
6047
5623
5165
4500
3900
3223
2573
2013
1625
1196
899
607
374
754
6935
6708
8986
10848
12276
13543
14504
14472
14193
13613
12178
11266
10311
9453
8627
7473
6480
5424
4377
3418
2729
2077
1514
1037
677
1189