5.0314750439089742E+019
   3.9256449802516677E+019
   3.2545662630065385E+019
   2.7184177031568622E+019
   2.3410315540864381E+019
   2.0043600714539962E+019
   1.7008156778176150E+019
   1.4419332952277092E+019
   1.2138919611907869E+019
   1.0206334731299963E+019
   8.5098649363498619E+018
   6.9781713547799347E+018
   5.6739589626223278E+018
   4.5747807730360371E+018
   3.8334556777755909E+018
   3.1622416581710510E+018
   2.6568668478821642E+018
   2.1844168041000822E+018
   1.7714251850240348E+018
   1.4343357860762824E+018
   1.1223278377687343E+018
   8.6630262921484800E+017
   5.9165925955582234E+017
   3.3146395367025402E+017
   1.3564124911693562E+017
   5099648828993851.0