0.07383409406517039 0.0027907882765786617
0.07375935963392885 0.0027766579407736266
0.07375760461793102 0.0027653536721295993
0.07375584960193318 0.002754049403485571
0.07375409458593535 0.0027427451348415433
0.07375233956993749 0.0027314408661975155
0.07375058455393965 0.0027201365975534878
0.07374882953794182 0.00270883232890946
0.07374707452194396 0.0026975280602654322
0.07352857503021251 0.0026918759259434186
0.07427723560462579 0.0028416574854767864
0.07420250117338426 0.002827527149671752
0.07420074615738642 0.002816222881027724
0.07419899114138859 0.0028049186123836963
0.07425266538065597 0.0026833977244603976
0.07417793094941447 0.002669267388655363
0.07417617593341663 0.0026579631200113352
0.07464432645084129 0.0028699181570868556
0.07464257143484346 0.0028586138884428283
0.0746320413388564 0.0027907882765786617
0.07463028632285854 0.0027794840079346335
0.0746285313068607 0.002768179739290606
0.07462677629086287 0.002756875470646578
0.074625021274865 0.0027455712020025506
0.07462326625886717 0.002734266933358523
0.07462151124286934 0.002722962664714495
0.07461975622687148 0.0027116583960704673
0.07461800121087364 0.0027003541274264395
0.07460922613088442 0.0026438327842063006
0.07460747111488658 0.002632528515562273
0.07508132543430424 0.002881222425730884
0.0750760603863107 0.0028473096197988
0.07507430537031287 0.0028360053511547727
0.07507255035431504 0.0028247010825107445
0.07507079533831718 0.002813396813866717
0.07506904032231934 0.002802092545222689
0.07505149016234092 0.0026890498587824117
0.07504973514634306 0.002677745590138384
0.07504798013034522 0.002666441321494356
0.07504622511434739 0.0026551370528503284
0.07504096006635386 0.002621224246918245
0.075039205050356 0.0026099199782742173
0.0750376694113579 0.002600028743210693
0.07559086507901142 0.0028925266943749116
0.07558735504701572 0.0028699181570868556
0.07551262061577424 0.0028557878212818215
0.07557506993503083 0.0027907882765786617
0.07550033550378932 0.0027766579407736266
0.07549858048779148 0.0027653536721295993
0.07549682547179365 0.002754049403485571
0.07549507045579582 0.0027427451348415433
0.07549331543979795 0.0027314408661975155
0.07549156042380012 0.0027201365975534878
0.07548980540780229 0.00270883232890946
0.07548805039180442 0.0026975280602654322
0.07555225472705884 0.0026438327842063006
0.07547752029581736 0.0026297024484012656
0.07554347964706964 0.0025873114409861618
0.07594567081324205 0.0028416574854767864
0.07594391579724419 0.0028303532168327586
0.07594216078124635 0.002819048948188731
0.07594040576524852 0.002807744679544703
0.07592110058927223 0.0026833977244603976
0.0759193455732744 0.00267209345581637
0.07591759055727654 0.002660789187172342
0.07591057049328517 0.002615572112596231
0.07590881547728734 0.002604267843952203
0.07590376980629354 0.0025717680716006233
0.07639144487669422 0.002909483097340953
0.07638968986069636 0.0028981788286969257
0.07638793484469852 0.0028868745600528975
0.07638617982870069 0.0028755702914088697
0.07638442481270283 0.002864266022764842
0.076382669796705 0.002852961754120814
0.07637389471671577 0.0027964404109006753
0.07637213970071793 0.0027851361422566476
0.0763703846847201 0.00277383187361262
0.07636862966872224 0.002762527604968592
0.0763668746527244 0.0027512233363245642
0.07636511963672657 0.0027399190676805365
0.07636336462072871 0.0027286147990365087
0.07636160960473087 0.002717310530392481
0.07635985458873304 0.002706006261748453
0.07635809957273518 0.0026947019931044254
0.07635107950874381 0.0026494849185283143
0.07634932449274598 0.0026381806498842865
0.07634756947674812 0.0026268763812402588
0.07634230442875459 0.0025929635753081754
0.07634054941275675 0.0025816593066641477
0.07633703938076106 0.002559050769376092
0.07682844386015716 0.0029207873659849812
0.07681615874817227 0.0028416574854767864
0.07681440373217441 0.0028303532168327586
0.07681264871617657 0.002819048948188731
0.07681089370017874 0.002807744679544703
0.07679158852420245 0.0026833977244603976
0.07678983350820462 0.00267209345581637
0.07678807849220676 0.002660789187172342
0.07678105842821539 0.002615572112596231
0.07677930341221756 0.002604267843952203
0.07677403836422403 0.00257035503802012
0.07677052833222833 0.0025477465007320644
0.07726544284362011 0.0029320916346290086
0.07726193281162444 0.002909483097340953
0.07726017779562658 0.0028981788286969257
0.07725842277962874 0.0028868745600528975
0.07725666776363091 0.0028755702914088697
0.07725491274763305 0.002864266022764842
0.07725315773163521 0.002852961754120814
0.07724438265164599 0.0027964404109006753
0.07724262763564815 0.0027851361422566476
0.07724087261965032 0.00277383187361262
0.07723911760365246 0.002762527604968592
0.07723736258765462 0.0027512233363245642
0.07723560757165679 0.0027399190676805365
0.07723385255565893 0.0027286147990365087
0.0772320975396611 0.002717310530392481
0.07723034252366326 0.002706006261748453
0.0772285875076654 0.0026947019931044254
0.07722156744367403 0.0026494849185283143
0.0772198124276762 0.0026381806498842865
0.07721805741167834 0.0026268763812402588
0.0772127923636848 0.0025929635753081754
0.07721103734768697 0.0025816593066641477
0.07720752731569128 0.002559050769376092
0.07720401728369561 0.0025364422320880366
0.07720248164469748 0.0025265509970245122
0.07777498248832729 0.002943395903273037
0.07777147245633159 0.0029207873659849812
0.0777591873443467 0.0028416574854767864
0.07768445291310516 0.002827527149671752
0.07768269789710733 0.002816222881027724
0.0776809428811095 0.0028049186123836963
0.07773461712037688 0.0026833977244603976
0.07765988268913537 0.002669267388655363
0.07765812767313754 0.0026579631200113352
0.07772408702438982 0.002615572112596231
0.07764935259314831 0.0026014417767911964
0.07771706696039846 0.00257035503802012
0.07771355692840276 0.0025477465007320644
0.07763640935016422 0.0025180727955414913
0.07813154323855573 0.0029038309630189394
0.0781297882225579 0.0028925266943749116
0.07812803320656003 0.002881222425730884
0.0781262781905622 0.0028699181570868556
0.07812452317456436 0.0028586138884428283
0.0781139930785773 0.0027907882765786617
0.07811223806257944 0.0027794840079346335
0.07811048304658161 0.002768179739290606
0.07810872803058377 0.002756875470646578
0.07810697301458591 0.0027455712020025506
0.07810521799858808 0.002734266933358523
0.07810346298259024 0.002722962664714495
0.07810170796659238 0.0027116583960704673
0.07809995295059455 0.0027003541274264395
0.07809117787060532 0.0026438327842063006
0.07808942285460749 0.002632528515562273
0.07808240279061612 0.0025873114409861618
0.0780736277106269 0.0025307900977660225
0.0780701176786312 0.002508181560477967
0.07864810294725427 0.0029603523062390782
0.07857336851601274 0.0029462219704340436
0.0785716135000149 0.0029349177017900154
0.07856985848401707 0.002923613433145988
0.07856810346801921 0.00291230916450196
0.07863055278727582 0.0028473096197988
0.07855581835603431 0.002833179283993766
0.07855406334003648 0.0028218750153497377
0.07855230832403862 0.0028105707467057104
0.07855055330804078 0.002799266478061682
0.07860598256330603 0.0026890498587824117
0.07853124813206452 0.0026749195229773767
0.07852949311606666 0.002663615254333349
0.07852773810006883 0.002652310985689321
0.07859545246731897 0.002621224246918245
0.07852071803607746 0.00260709391111321
0.0785189630200796 0.0025957896424691823
0.07858843240332758 0.002576007172342134
0.07851369797208607 0.002561876836537099
0.07851194295608824 0.002550572567893071
0.0785101879400904 0.0025392682992490434
0.07857965732333838 0.0025194858291219947
0.07857614729134269 0.002496877291833939
0.07907369432673123 0.0028981788286969257
0.07899895989548972 0.0028840484928918907
0.07899720487949188 0.002872744224247863
0.07899544986349402 0.002861439955603835
0.0790561441667528 0.0027851361422566476
0.0789814097355113 0.002771005806451613
0.07897965471951343 0.002759701537807585
0.0789778997035156 0.0027483972691635574
0.07897614468751776 0.0027370930005195296
0.07897438967151993 0.002725788731875502
0.07897263465552207 0.002714484463231474
0.07897087963952423 0.0027031801945874463
0.07903332895878085 0.0026381806498842865
0.07952034589818233 0.002971656574883106
0.07944561146694085 0.002957526239078071
0.07944385645094298 0.0029462219704340436
0.07944210143494515 0.0029349177017900154
0.07944034641894732 0.002923613433145988
0.07943859140294945 0.00291230916450196
0.07950104072220604 0.0028473096197988
0.07942630629096456 0.002833179283993766
0.07942455127496673 0.0028218750153497377
0.07942279625896886 0.0028105707467057104
0.07942104124297103 0.002799266478061682
0.0794034910829926 0.0026862237916214044
0.07940173606699477 0.0026749195229773767
0.07939998105099691 0.002663615254333349
0.07939822603499908 0.002652310985689321
0.07946594040224919 0.002621224246918245
0.07939120597100771 0.00260709391111321
0.07938945095500985 0.0025957896424691823
0.07938769593901202 0.0025844853738251545
0.07938594092301418 0.0025731811051811267
0.07938418590701632 0.002561876836537099
0.07938243089101849 0.002550572567893071
0.07938067587502065 0.0025392682992490434
0.07937892085902279 0.0025279640306050156
0.07937716584302495 0.002516659761960988
0.07937541082702712 0.00250535549331696
0.07937365581102926 0.0024940512246729323
0.07937190079503142 0.0024827469560289046
0.07915340130329993 0.002477094821706891
0.07994418226166145 0.0028981788286969257
0.07986944783041997 0.0028840484928918907
0.07986769281442213 0.002872744224247863
0.07986593779842427 0.002861439955603835
0.0798545301944383 0.002787962209417655
0.07963471444070844 0.00277383187361262
0.07963295942471058 0.002762527604968592
0.07963120440871274 0.0027512233363245642
0.07962988814671437 0.0027427451348415433
0.07983127623246689 0.0026381806498842865
0.07980495099249924 0.00246861662022387
0.0803200481878662 0.0029829608435271338
0.08031829317186837 0.002971656574883106
0.08031653815587053 0.0029603523062390782
0.08031478313987267 0.0029490480375950505
0.08031302812387484 0.0029377437689510227
0.080311273107877 0.002926439500306995
0.08030951809187914 0.002915135231662967
0.08029898799589208 0.0028473096197988
0.08029723297989425 0.0028360053511547727
0.08029547796389641 0.0028247010825107445
0.08029372294789855 0.002813396813866717
0.08029196793190072 0.002802092545222689
0.0800524082481951 0.002660789187172342
0.08026783646193036 0.0026466588513673075
0.08033730584517831 0.0026268763812402588
0.08026257141393683 0.002612746045435224
0.080260816397939 0.0026014417767911964
0.08025906138194117 0.0025901375081471686
0.0802573063659433 0.002578833239503141
0.08025555134994547 0.002567528970859113
0.08025379633394764 0.0025562247022150853
0.08025204131794977 0.0025449204335710575
0.08025028630195194 0.0025336161649270298
0.0802485312859541 0.002522311896283002
0.08024677626995624 0.002511007627638974
0.08024502125395841 0.0024997033589949464
0.08024326623796058 0.0024883990903509187
0.08024151122196271 0.002477094821706891
0.08031127310787697 0.0024591963963538467
0.0808155477045906 0.0029038309630189394
0.08074081327334912 0.0028897006272139043
0.08073905825735125 0.002878396358569877
0.08073730324135342 0.002867092089925849
0.08073554822535559 0.0028557878212818215
0.08119141363079535 0.002988612977849148
0.08118965861479752 0.0029773087092051197
0.08118790359879965 0.0029660044405610923
0.08118614858280182 0.002954700171917064
0.08118439356680399 0.002943395903273037
0.08118263855080612 0.0029320916346290086
0.08118088353480829 0.0029207873659849812
0.0811685984228234 0.0028416574854767864
0.08116684340682553 0.0028303532168327586
0.08116530776782743 0.0028204619817692343
0.08094615014509673 0.0028105707467057104
0.08091675362713288 0.002621224246918245
0.08091499861113502 0.0026099199782742173
0.08113086557886975 0.0025986157096301895
0.08112911056287192 0.0025873114409861618
0.08112735554687406 0.002576007172342134
0.08112560053087622 0.0025647029036981062
0.08112384551487839 0.0025533986350540785
0.08112209049888053 0.0025420943664100507
0.0811203354828827 0.0025307900977660225
0.08111858046688486 0.0025194858291219947
0.081116825450887 0.002508181560477967
0.08111507043488916 0.002496877291833939
0.08111331541889133 0.0024855730231899114
0.08111156040289347 0.0024742687545458836
0.08110980538689563 0.002462964485901856
0.0811080503708978 0.002451660217257828
0.08110651473189967 0.002441768982194304
0.08168691314751977 0.002909483097340953
0.08161217871627824 0.0028953527615359184
0.0816104237002804 0.0028840484928918907
0.08160866868428257 0.002872744224247863
0.08160691366828471 0.002861439955603835
0.08160515865228687 0.0028501356869598073
0.0820627790737245 0.0029942651121711615
0.08206102405772664 0.0029829608435271338
0.0820592690417288 0.002971656574883106
0.08205751402573097 0.0029603523062390782
0.08205575900973311 0.0029490480375950505
0.08205400399373527 0.0029377437689510227
0.08205224897773744 0.002926439500306995
0.08182058686602214 0.0028360053511547727
0.0817819765140696 0.0025873114409861618
0.08199784348180428 0.002576007172342134
0.08199608846580644 0.0025647029036981062
0.08199433344980861 0.0025533986350540785
0.08199257843381075 0.0025420943664100507
0.08199082341781291 0.0025307900977660225
0.08198906840181508 0.0025194858291219947
0.08198731338581722 0.002508181560477967
0.08198555836981938 0.002496877291833939
0.08198380335382155 0.0024855730231899114
0.08198204833782369 0.0024742687545458836
0.08198029332182585 0.002462964485901856
0.08197853830582802 0.002451660217257828
0.08197678328983016 0.0024403559486138003
0.08197524765083206 0.0024304647135502764
0.08248573792920469 0.002915135231662967
0.08248398291320685 0.0029038309630189394
0.08248222789720902 0.0028925266943749116
0.08248047288121116 0.002881222425730884
0.08247871786521332 0.0028699181570868556
0.08247696284921549 0.0028586138884428283
0.08225758584948509 0.0028473096197988
0.08248135038921012 0.0024196314560997493
0.08293326700865472 0.0029942651121711615
0.08293151199265686 0.0029829608435271338
0.08292975697665902 0.002971656574883106
0.08292800196066119 0.0029603523062390782
0.08292624694466333 0.0029490480375950505
0.0829244919286655 0.0029377437689510227
0.08292273691266766 0.002926439500306995
0.08264983192500305 0.00257035503802012
0.08286569889273773 0.002559050769376092
0.0828639438767399 0.0025477465007320644
0.08286218886074206 0.0025364422320880366
0.0828604338447442 0.002525137963444009
0.08285867882874637 0.002513833694799981
0.08285692381274853 0.0025025294261559533
0.08285516879675067 0.0024912251575119255
0.08285341378075284 0.0024799208888678977
0.082851658764755 0.00246861662022387
0.08284990374875714 0.002457312351579842
0.08284814873275931 0.0024460080829358144
0.08284639371676147 0.0024347038142917866
0.08342876652537912 0.002915135231662967
0.08335403209413761 0.0029010048958579325
0.08335227707813977 0.0028897006272139043
0.08335052206214191 0.002878396358569877
0.08334898642314381 0.002868505123506352
0.0831302675544126 0.002861439955603835
0.08335242332947296 0.002423399545647759
0.08327768889823142 0.0024092692098427243
0.08380463245158387 0.002999917246493175
0.08380287743558604 0.002988612977849148
0.0838011224195882 0.0029773087092051197
0.08379936740359034 0.0029660044405610923
0.08379761238759251 0.002954700171917064
0.08379585737159467 0.002943395903273037
0.08379410235559681 0.0029320916346290086
0.08351768733593651 0.0025533986350540785
0.08373355430367121 0.0025420943664100507
0.08373179928767338 0.0025307900977660225
0.08373004427167555 0.0025194858291219947
0.08372828925567768 0.002508181560477967
0.08372653423967985 0.002496877291833939
0.08372477922368202 0.0024855730231899114
0.08372302420768415 0.0024742687545458836
0.08372126919168632 0.002462964485901856
0.08371951417568849 0.002451660217257828
0.08371775915969062 0.0024403559486138003
0.08422759130706409 0.0029207873659849812
0.08422583629106625 0.002909483097340953
0.08422408127506839 0.0028981788286969257
0.08422232625907056 0.0028868745600528975
0.08422057124307272 0.0028755702914088697
0.08400163299734176 0.002867092089925849
0.08422378877240208 0.0024290516799697725
0.0841490543411606 0.002414921344164738
0.08414729932516277 0.00240361707552071
0.08414598306316437 0.0023951388740376892
0.08467512038651409 0.002999917246493175
0.08467336537051626 0.002988612977849148
0.08467161035451842 0.0029773087092051197
0.08466985533852056 0.0029660044405610923
0.08466810032252273 0.002954700171917064
0.08466634530652489 0.002943395903273037
0.08466459029052703 0.0029320916346290086
0.08438554274686996 0.0025364422320880366
0.08460140971460467 0.002525137963444009
0.08459965469860684 0.002513833694799981
0.084597899682609 0.0025025294261559533
0.08459614466661114 0.0024912251575119255
0.0845943896506133 0.0024799208888678977
0.08459263463461547 0.00246861662022387
0.08459087961861761 0.002457312351579842
0.08458912460261978 0.0024460080829358144
0.0850980792419943 0.0029207873659849812
0.08509632422599647 0.002909483097340953
0.08509456920999861 0.0028981788286969257
0.08509281419400078 0.0028868745600528975
0.08509127855500268 0.0028769833249893736
0.08509515421533123 0.0024347038142917866
0.08502041978408975 0.002420573478486752
0.08501866476809189 0.0024092692098427243
0.08501690975209406 0.0023979649411986965
0.08501515473609622 0.0023866606725546687
0.08554560832144431 0.002999917246493175
0.08554385330544648 0.002988612977849148
0.08554209828944864 0.0029773087092051197
0.08554034327345078 0.0029660044405610923
0.08553858825745295 0.002954700171917064
0.08553683324145511 0.002943395903273037
0.08553507822545725 0.0029320916346290086
0.08547058138753652 0.002516659761960988
0.08546882637153869 0.00250535549331696
0.08546707135554082 0.0024940512246729323
0.08546531633954299 0.0024827469560289046
0.08546356132354516 0.002471442687384877
0.0854618063075473 0.002460138418740849
0.08546005129154946 0.0024488341500968213
0.08596856717692453 0.0029207873659849812
0.08596681216092669 0.002909483097340953
0.08596505714492883 0.0028981788286969257
0.085963302128931 0.0028868745600528975
0.0859619858669326 0.002878396358569877
0.08596564215026148 0.0024347038142917866
0.08589090771901997 0.002420573478486752
0.08588915270302211 0.0024092692098427243
0.08588739768702428 0.0023979649411986965
0.08588564267102644 0.0023866606725546687
0.08588432640902804 0.002378182471071648
0.08641609625637453 0.002999917246493175
0.0864143412403767 0.002988612977849148
0.08641258622437886 0.0029773087092051197
0.086410831208381 0.0029660044405610923
0.08640907619238317 0.002954700171917064
0.08640732117638533 0.002943395903273037
0.08640556616038747 0.0029320916346290086
0.0863393143064689 0.00250535549331696
0.08633755929047104 0.0024940512246729323
0.08633580427447321 0.0024827469560289046
0.08633404925847538 0.002471442687384877
0.08633229424247751 0.002460138418740849
0.08633053922647968 0.0024488341500968213
0.08683905511185475 0.0029207873659849812
0.08683730009585691 0.002909483097340953
0.08683554507985905 0.0028981788286969257
0.08683379006386122 0.0028868745600528975
0.08683247380186282 0.002878396358569877
0.0868361300851917 0.0024347038142917866
0.08676139565395019 0.002420573478486752
0.08675964063795233 0.0024092692098427243
0.0867578856219545 0.0023979649411986965
0.08675613060595666 0.0023866606725546687
0.0867543755899588 0.002375356403910641
0.08675305932796043 0.00236687820242762
0.08728658419130475 0.002999917246493175
0.08728482917530692 0.002988612977849148
0.08728307415930908 0.0029773087092051197
0.08728131914331122 0.0029660044405610923
0.08727956412731339 0.002954700171917064
0.08727780911131555 0.002943395903273037
0.08727605409531769 0.0029320916346290086
0.08720804722540126 0.0024940512246729323
0.08720629220940343 0.0024827469560289046
0.0872045371934056 0.002471442687384877
0.08720278217740773 0.002460138418740849
0.0872010271614099 0.0024488341500968213
0.087709543046785 0.0029207873659849812
0.08770778803078716 0.002909483097340953
0.0877060330147893 0.0028981788286969257
0.08770427799879146 0.0028868745600528975
0.08770296173679307 0.002878396358569877
0.08770661802012192 0.0024347038142917866
0.08763188358888044 0.002420573478486752
0.08763012857288258 0.0024092692098427243
0.08762837355688474 0.0023979649411986965
0.08762661854088691 0.0023866606725546687
0.08762486352488905 0.002375356403910641
0.08762310850889121 0.002364052135266613
0.08815663337223553 0.0029970911793321684
0.0881548783562377 0.0029857869106881406
0.08815312334023986 0.002974482642044113
0.088151368324242 0.002963178373400085
0.08814961330824417 0.0029518741047560573
0.08814785829224633 0.0029405698361120295
0.08814610327624847 0.0029292655674680017
0.08807721889833314 0.0024855730231899114
0.08807546388233528 0.0024742687545458836
0.08807370886633745 0.002462964485901856
0.08807195385033961 0.002451660217257828
0.08857915347371628 0.002915135231662967
0.08857739845771845 0.0029038309630189394
0.08857564344172061 0.0028925266943749116
0.08857388842572275 0.002881222425730884
0.08857798346305104 0.0024403559486138003
0.08850324903180956 0.0024262256128087657
0.08850149401581173 0.002414921344164738
0.08849973899981389 0.00240361707552071
0.08849798398381603 0.0023923128068766824
0.0884962289678182 0.0023810085382326546
0.08849447395182036 0.002369704269588627
0.0884927189358225 0.002358400000944599
0.08827421944409103 0.0023527478666225854
0.08902668255316631 0.0029942651121711615
0.08902492753716845 0.0029829608435271338
0.08902317252117062 0.002971656574883106
0.08902141750517278 0.0029603523062390782
0.08901966248917492 0.0029490480375950505
0.08901790747317709 0.0029377437689510227
0.08901615245717925 0.002926439500306995
0.08894682932526443 0.0024799208888678977
0.0889450743092666 0.00246861662022387
0.08894331929326874 0.002457312351579842
0.08952218206989068 0.002915135231662967
0.0894474476386492 0.0029010048958579325
0.08944569262265137 0.0028897006272139043
0.08944415698365324 0.0028798093921503804
0.08944934890598019 0.0024460080829358144
0.08937461447473871 0.00243187774713078
0.08937285945874088 0.002420573478486752
0.08937110444274302 0.0024092692098427243
0.08936934942674518 0.0023979649411986965
0.08936759441074735 0.0023866606725546687
0.08936583939474949 0.002375356403910641
0.08936408437875165 0.002364052135266613
0.08936232936275382 0.0023527478666225854
0.08914382987102232 0.0023470957323005713
0.0898962929800976 0.002988612977849148
0.08989453796409977 0.0029773087092051197
0.08989278294810191 0.0029660044405610923
0.08989102793210407 0.002954700171917064
0.08988927291610624 0.002943395903273037
0.08988751790010838 0.0029320916346290086
0.08981643975219572 0.0024742687545458836
0.08981468473619789 0.002462964485901856
0.09039354751281986 0.0029207873659849812
0.09031881308157835 0.002906657030179946
0.09031705806558049 0.0028953527615359184
0.09031530304958266 0.0028840484928918907
0.09031376741058456 0.0028741572578283663
0.09024817368766516 0.002451660217257828
0.0902464186716673 0.0024403559486138003
0.09024466365566947 0.0024290516799697725
0.09024290863967163 0.0024177474113257448
0.0902411536236738 0.002406443142681717
0.09023939860767594 0.0023951388740376892
0.0902376435916781 0.0023838346053936615
0.09023588857568027 0.0023725303367496337
0.0902341335596824 0.002361226068105606
0.09023237854368457 0.002349921799461578
0.09023106228168618 0.0023414435979785576
0.09076590340702889 0.0029829608435271338
0.09076414839103106 0.002971656574883106
0.09076239337503322 0.0029603523062390782
0.09076063835903536 0.0029490480375950505
0.09075888334303753 0.0029377437689510227
0.0906864889331265 0.002471442687384877
0.09068473391712864 0.002460138418740849
0.09126491295574901 0.002926439500306995
0.09119017852450748 0.00291230916450196
0.09118842350850964 0.0029010048958579325
0.09118666849251181 0.0028897006272139043
0.09118491347651395 0.002878396358569877
0.09118337783751584 0.002868505123506352
0.09111778411459645 0.0024460080829358144
0.09111602909859862 0.0024347038142917866
0.09111427408260078 0.002423399545647759
0.09111251906660292 0.002412095277003731
0.09111076405060509 0.0024007910083597033
0.09110900903460725 0.0023894867397156756
0.09110725401860939 0.002378182471071648
0.09110549900261156 0.00236687820242762
0.09110374398661372 0.0023555739337835922
0.09110198897061586 0.0023442696651395645
0.09163507507996077 0.002974482642044113
0.09163332006396291 0.002963178373400085
0.09163156504796507 0.0029518741047560573
0.09162981003196724 0.0029405698361120295
0.09155653811405728 0.00246861662022387
0.09155478309805942 0.002457312351579842
0.09206286022943505 0.002926439500306995
0.09206110521343719 0.002915135231662967
0.09205935019743935 0.0029038309630189394
0.09205759518144152 0.0028925266943749116
0.09205584016544366 0.002881222425730884
0.09205408514944582 0.0028699181570868556
0.09205254951044772 0.0028600269220233317
0.0919882720495267 0.0024460080829358144
0.09198651703352886 0.0024347038142917866
0.09198476201753103 0.002423399545647759
0.09198300700153317 0.002412095277003731
0.09198125198553533 0.0024007910083597033
0.0919794969695375 0.0023894867397156756
0.09197774195353964 0.002378182471071648
0.0919759869375418 0.00236687820242762
0.09197423192154397 0.0023555739337835922
0.09197247690554611 0.0023442696651395645
0.09197116064354774 0.0023357914636565435
0.09250468550689206 0.002968830507722099
0.09250293049089423 0.002957526239078071
0.09250117547489636 0.0029462219704340436
0.09249942045889853 0.0029349177017900154
0.0924270260489875 0.00246861662022387
0.09242527103298964 0.002457312351579842
0.09300501131761052 0.0029207873659849812
0.09293027688636904 0.002906657030179946
0.09292852187037118 0.0028953527615359184
0.09292676685437334 0.0028840484928918907
0.09292501183837551 0.002872744224247863
0.09292325682237765 0.002861439955603835
0.09292150180637981 0.0028501356869598073
0.09285875998445692 0.0024460080829358144
0.09285700496845908 0.0024347038142917866
0.09285524995246125 0.002423399545647759
0.09285349493646339 0.002412095277003731
0.09285173992046555 0.0024007910083597033
0.09284998490446772 0.0023894867397156756
0.09284822988846986 0.002378182471071648
0.09284647487247202 0.00236687820242762
0.09284471985647419 0.0023555739337835922
0.09284296484047633 0.0023442696651395645
0.09284164857847796 0.0023357914636565435
0.09337341842582444 0.002957526239078071
0.09337166340982658 0.0029462219704340436
0.09336990839382875 0.0029349177017900154
0.09329751398391772 0.00246861662022387
0.09329575896791986 0.002457312351579842
0.09380295859129656 0.0029207873659849812
0.09380120357529872 0.002909483097340953
0.09379944855930086 0.0028981788286969257
0.09379769354330303 0.0028868745600528975
0.0937959385273052 0.0028755702914088697
0.09379418351130733 0.002864266022764842
0.0937924284953095 0.002852961754120814
0.0937908928563114 0.00284307051905729
0.09380178858063135 0.0024460080829358144
0.09372705414938984 0.00243187774713078
0.093725299133392 0.002420573478486752
0.09372354411739414 0.0024092692098427243
0.09372178910139631 0.0023979649411986965
0.09372003408539847 0.0023866606725546687
0.09371827906940061 0.002375356403910641
0.09371652405340278 0.002364052135266613
0.09371476903740494 0.0023527478666225854
0.09371301402140708 0.0023414435979785576
0.09371169775940871 0.0023329653964955367
0.09424302885275573 0.0029518741047560573
0.0942412738367579 0.0029405698361120295
0.09423951882076004 0.0029292655674680017
0.09416887942684685 0.0024742687545458836
0.09416712441084901 0.002462964485901856
0.09474510967947206 0.002915135231662967
0.09467037524823055 0.0029010048958579325
0.09466862023223271 0.0028897006272139043
0.09466686521623485 0.002878396358569877
0.09466511020023702 0.002867092089925849
0.09466335518423918 0.0028557878212818215
0.09466160016824132 0.0028444835526377932
0.09465984515224349 0.002833179283993766
0.09460061336231629 0.002451660217257828
0.09459885834631843 0.0024403559486138003
0.09459710333032059 0.0024290516799697725
0.09459534831432276 0.0024177474113257448
0.09459359329832492 0.002406443142681717
0.09459183828232706 0.0023951388740376892
0.09459008326632923 0.0023838346053936615
0.0945883282503314 0.0023725303367496337
0.09458657323433353 0.002361226068105606
0.0945848182183357 0.002349921799461578
0.09458306320233786 0.0023386175308175504
0.09458174694033947 0.00233013932933453
0.09511176177168812 0.0029405698361120295
0.09511000675569026 0.0029292655674680017
0.09511190802302127 0.0024742687545458836
0.09503717359177977 0.002460138418740849
0.09561559761440228 0.002915135231662967
0.0955408631831608 0.0029010048958579325
0.09553910816716296 0.0028897006272139043
0.0955373531511651 0.002878396358569877
0.09553559813516727 0.002867092089925849
0.09553384311916943 0.0028557878212818215
0.09553208810317157 0.0028444835526377932
0.09553033308717374 0.002833179283993766
0.0955285780711759 0.0028218750153497377
0.0954702237892476 0.0024460080829358144
0.09546846877324977 0.0024347038142917866
0.09546671375725194 0.002423399545647759
0.09546495874125407 0.002412095277003731
0.09546320372525624 0.0024007910083597033
0.0954614487092584 0.0023894867397156756
0.09545969369326054 0.002378182471071648
0.09545793867726271 0.00236687820242762
0.09545618366126488 0.0023555739337835922
0.09545442864526701 0.0023442696651395645
0.09545311238326865 0.0023357914636565435
0.0959804946906205 0.0029292655674680017
0.0960344614325542 0.0028096287243187077
0.09598327346595042 0.0024799208888678977
0.09590853903470895 0.002465790553062863
0.09590678401871111 0.0024544862844188354
0.0964860855493325 0.002915135231662967
0.09641135111809102 0.0029010048958579325
0.09640959610209318 0.0028897006272139043
0.09640784108609532 0.002878396358569877
0.09640608607009749 0.002867092089925849
0.09640433105409965 0.0028557878212818215
0.09640257603810179 0.0028444835526377932
0.09640082102210396 0.002833179283993766
0.09639906600610612 0.0028218750153497377
0.09641237487742307 0.0024403559486138003
0.0963376404461816 0.0024262256128087657
0.09633588543018376 0.002414921344164738
0.09633413041418593 0.00240361707552071
0.09633237539818806 0.0023923128068766824
0.09633062038219023 0.0023810085382326546
0.0963288653661924 0.002369704269588627
0.09632711035019453 0.002358400000944599
0.0963253553341967 0.0023470957323005713
0.0963238196951986 0.002337204497237047
0.09690465686481811 0.002807744679544703
0.0968299224335766 0.0027936143437396685
0.09685551641687848 0.0024912251575119255
0.096780781985637 0.002477094821706891
0.09677902696963916 0.002465790553062863
0.09677727195364133 0.0024544862844188354
0.09728359406901907 0.00291230916450196
0.09728183905302124 0.0029010048958579325
0.0972800840370234 0.0028897006272139043
0.09727832902102554 0.002878396358569877
0.0972765740050277 0.002867092089925849
0.09727481898902987 0.0028557878212818215
0.09727306397303201 0.0028444835526377932
0.09727130895703417 0.002833179283993766
0.09726955394103634 0.0028218750153497377
0.0972828628123533 0.0024403559486138003
0.09720812838111181 0.0024262256128087657
0.09720637336511398 0.002414921344164738
0.09720461834911615 0.00240361707552071
0.09720286333311828 0.0023923128068766824
0.09720110831712045 0.0023810085382326546
0.09719935330112262 0.002369704269588627
0.09719759828512475 0.002358400000944599
0.09719584326912692 0.0023470957323005713
0.09697690502339598 0.0023386175308175504
0.09777514479974836 0.002807744679544703
0.09770041036850682 0.0027936143437396685
0.09769865535250899 0.0027823100750956407
0.09748015586077752 0.0027766579407736266
0.09772775936780659 0.0025025294261559533
0.09765302493656508 0.0024883990903509187
0.09765126992056722 0.002477094821706891
0.09764951490456938 0.002465790553062863
0.09764775988857155 0.0024544862844188354
0.09815232698795145 0.0029010048958579325
0.09815057197195362 0.0028897006272139043
0.09814881695595576 0.002878396358569877
0.09814706193995792 0.002867092089925849
0.09814530692396009 0.0028557878212818215
0.09814355190796223 0.0028444835526377932
0.0981417968919644 0.002833179283993766
0.09814004187596656 0.0028218750153497377
0.09820424621122101 0.002768179739290606
0.09808081008603933 0.0024403559486138003
0.0980790550700415 0.0024290516799697725
0.09807730005404366 0.0024177474113257448
0.09807554503804583 0.002406443142681717
0.09807379002204797 0.0023951388740376892
0.09807203500605013 0.0023838346053936615
0.0980702799900523 0.0023725303367496337
0.09806852497405444 0.002361226068105606
0.0980667699580566 0.002349921799461578
0.09806545369605821 0.0023414435979785576
0.09864563273467858 0.002807744679544703
0.09857089830343704 0.0027936143437396685
0.09856914328743921 0.0027823100750956407
0.09863685765468935 0.0027512233363245642
0.09834537874771423 0.0027427451348415433
0.09852833916548936 0.0025194858291219947
0.0985265841494915 0.002508181560477967
0.09852482913349367 0.002496877291833939
0.09852307411749583 0.0024855730231899114
0.09852131910149797 0.0024742687545458836
0.09851956408550014 0.002462964485901856
0.0985178090695023 0.002451660217257828
0.09880387667715076 0.0028925266943749116
0.09901974364488544 0.002881222425730884
0.09901798862888761 0.0028699181570868556
0.09901623361288978 0.0028586138884428283
0.09901447859689191 0.0028473096197988
0.09901272358089408 0.0028360053511547727
0.09901096856489625 0.0028247010825107445
0.09900219348490702 0.002768179739290606
0.09899692843691349 0.002734266933358523
0.09899539279791539 0.0027243756982949984
0.09896533814895231 0.0025307900977660225
0.09895129802096955 0.0024403559486138003
0.09894954300497172 0.0024290516799697725
0.09894778798897388 0.0024177474113257448
0.09894603297297605 0.002406443142681717
0.09894427795697819 0.0023951388740376892
0.09894252294098035 0.0023838346053936615
0.09894076792498252 0.0023725303367496337
0.09893901290898466 0.002361226068105606
0.09893725789298682 0.002349921799461578
0.09944445751636352 0.002813396813866717
0.09944270250036569 0.002802092545222689
0.09944094748436785 0.0027907882765786617
0.09943919246836999 0.0027794840079346335
0.09943568243637432 0.002756875470646578
0.09943392742037646 0.0027455712020025506
0.09942866237238293 0.0027116583960704673
0.09947487779365946 0.0025420943664100507
0.09947136776166379 0.0025194858291219947
0.09939663333042231 0.00250535549331696
0.09939487831442445 0.0024940512246729323
0.09939312329842662 0.0024827469560289046
0.09939136828242878 0.002471442687384877
0.09938961326643092 0.002460138418740849
0.09938785825043309 0.0024488341500968213
0.09988803780981839 0.002867092089925849
0.09988628279382056 0.0028557878212818215
0.0998845277778227 0.0028444835526377932
0.09988277276182486 0.002833179283993766
0.09988101774582703 0.0028218750153497377
0.09994522208108145 0.002768179739290606
0.09993995703308792 0.002734266933358523
0.09986522260184644 0.0027201365975534878
0.09993469198509439 0.0027003541274264395
0.09985995755385291 0.0026862237916214044
0.09984196863987502 0.00257035503802012
0.09984021362387716 0.002559050769376092
0.0998209084479009 0.0024347038142917866
0.09981915343190306 0.002423399545647759
0.0998173984159052 0.002412095277003731
0.09981564339990737 0.0024007910083597033
0.09981388838390953 0.0023894867397156756
0.09981213336791167 0.002378182471071648
0.09981037835191384 0.00236687820242762
0.09980884271291571 0.0023569869673640957
0.10031406794329484 0.002807744679544703
0.10031231292729698 0.0027964404109006753
0.10031055791129914 0.0027851361422566476
0.10030529286330561 0.0027512233363245642
0.10029300775132072 0.00267209345581637
0.10029125273532286 0.002660789187172342
0.10028949771932502 0.0026494849185283143
0.10028774270332719 0.0026381806498842865
0.10028598768732933 0.0026268763812402588
0.10028423267133149 0.002615572112596231
0.10028247765533366 0.002604267843952203
0.1002807226393358 0.0025929635753081754
0.10027896762333796 0.0025816593066641477
0.10027370257534443 0.0025477465007320644
0.1002719475593466 0.0025364422320880366
0.10027019254334874 0.002525137963444009
0.1002684375273509 0.002513833694799981
0.10026668251135307 0.0025025294261559533
0.1002649274953552 0.0024912251575119255
0.10026317247935737 0.0024799208888678977
0.10026141746335954 0.00246861662022387
0.10025966244736167 0.002457312351579842
0.10025790743136384 0.0024460080829358144
0.10053870999101874 0.002852961754120814
0.10075457695875348 0.0028416574854767864
0.10075282194275562 0.0028303532168327586
0.10075106692675778 0.002819048948188731
0.10074404686276642 0.00277383187361262
0.10074229184676856 0.002762527604968592
0.10073878181477289 0.0027399190676805365
0.10073702679877503 0.0027286147990365087
0.10073527178277719 0.002717310530392481
0.10073351676677936 0.002706006261748453
0.1007317617507815 0.0026947019931044254
0.10073000673478366 0.0026833977244603976
0.10071245657480524 0.00257035503802012
0.10071070155880738 0.002559050769376092
0.10069139638283112 0.0024347038142917866
0.10068964136683328 0.002423399545647759
0.10068788635083542 0.002412095277003731
0.10068613133483759 0.0024007910083597033
0.10068437631883975 0.0023894867397156756
0.10068262130284189 0.002378182471071648
0.10068086628684406 0.00236687820242762
0.10046192804111309 0.002358400000944599
0.10125709653946924 0.002807744679544703
0.10118236210822773 0.0027936143437396685
0.1011806070922299 0.0027823100750956407
0.10124832145948001 0.0027512233363245642
0.10123603634749512 0.00267209345581637
0.10116130191625364 0.0026579631200113352
0.10115954690025578 0.0026466588513673075
0.10115779188425794 0.0026353545827232797
0.10115603686826011 0.002624050314079252
0.10115428185226225 0.002612746045435224
0.10115252683626441 0.0026014417767911964
0.10115077182026658 0.0025901375081471686
0.10114901680426872 0.002578833239503141
0.10121673117151883 0.0025477465007320644
0.10114199674027735 0.0025336161649270298
0.10114024172427952 0.002522311896283002
0.10113848670828166 0.002511007627638974
0.10113673169228382 0.0024997033589949464
0.10113497667628599 0.0024883990903509187
0.10113322166028813 0.002477094821706891
0.10113146664429029 0.002465790553062863
0.10112971162829246 0.0024544862844188354
0.1011279566122946 0.0024431820157748076
0.10140656540195223 0.0028360053511547727
0.10162243236968693 0.0028247010825107445
0.1016136572896977 0.002768179739290606
0.10160839224170418 0.002734266933358523
0.10160663722570634 0.002722962664714495
0.10160488220970848 0.0027116583960704673
0.10160312719371065 0.0027003541274264395
0.10160137217771281 0.0026890498587824117
0.10158206700173653 0.0025647029036981062
0.1015610068097624 0.0024290516799697725
0.10155925179376457 0.0024177474113257448
0.10155749677776674 0.002406443142681717
0.10155574176176888 0.0023951388740376892
0.10155398674577104 0.0023838346053936615
0.10155245110677291 0.0023739433703301375
0.10205548256715472 0.0028105707467057104
0.10205372755115688 0.002799266478061682
0.10205197253515905 0.002787962209417655
0.10205021751916118 0.0027766579407736266
0.10211968690240919 0.002756875470646578
0.10204495247116768 0.0027427451348415433
0.10210740179042427 0.002677745590138384
0.10203266735918276 0.002663615254333349
0.10203091234318493 0.002652310985689321
0.10202915732718709 0.0026410067170452934
0.10202740231118923 0.0026297024484012656
0.1020256472951914 0.002618398179757238
0.10202389227919356 0.00260709391111321
0.1020221372631957 0.0025957896424691823
0.10202038224719787 0.0025844853738251545
0.10201862723120003 0.0025731811051811267
0.10208809661444801 0.0025533986350540785
0.1020133621832065 0.0025392682992490434
0.10201160716720864 0.0025279640306050156
0.1020098521512108 0.002516659761960988
0.10200809713521297 0.00250535549331696
0.10200634211921511 0.0024940512246729323
0.10200458710321728 0.0024827469560289046
0.10200283208721944 0.002471442687384877
0.10200107707122158 0.002460138418740849
0.10199932205522375 0.0024488341500968213
0.10199756703922591 0.0024375298814527935
0.10247800266863547 0.0027286147990365087
0.10247624765263763 0.002717310530392481
0.1024744926366398 0.002706006261748453
0.10247273762064193 0.0026947019931044254
0.10243061723669372 0.002423399545647759
0.10242886222069586 0.002412095277003731
0.10242710720469803 0.0024007910083597033
0.1024255715656999 0.002390899773296179
0.10220641394296925 0.0023810085382326546
0.1027061547483551 0.0027964404109006753
0.1029220217160898 0.0027851361422566476
0.10292026670009197 0.00277383187361262
0.1029185116840941 0.002762527604968592
0.10291675666809627 0.0027512233363245642
0.10291500165209844 0.0027399190676805365
0.10290622657210921 0.0026833977244603976
0.10290447155611138 0.00267209345581637
0.10290271654011351 0.002660789187172342
0.10290096152411568 0.0026494849185283143
0.10289920650811785 0.0026381806498842865
0.10289745149211998 0.0026268763812402588
0.10289569647612215 0.002615572112596231
0.10289394146012432 0.002604267843952203
0.10289218644412645 0.0025929635753081754
0.10289043142812862 0.0025816593066641477
0.10288867641213079 0.00257035503802012
0.10288692139613292 0.002559050769376092
0.10288516638013509 0.0025477465007320644
0.10288341136413726 0.0025364422320880366
0.1028816563481394 0.002525137963444009
0.10287990133214156 0.002513833694799981
0.10287814631614373 0.0025025294261559533
0.10287639130014586 0.0024912251575119255
0.10287463628414803 0.0024799208888678977
0.1028728812681502 0.00246861662022387
0.10287112625215233 0.002457312351579842
0.1028693712361545 0.0024460080829358144
0.10286761622015667 0.0024347038142917866
0.10334849060356571 0.0027286147990365087
0.10334673558756788 0.002717310530392481
0.10334498057157004 0.002706006261748453
0.10334322555557218 0.0026947019931044254
0.10330110517162397 0.002423399545647759
0.10329935015562611 0.002412095277003731
0.1030799731558957 0.0024007910083597033
0.10357313265128965 0.00277383187361262
0.10378899961902435 0.002762527604968592
0.10378724460302652 0.0027512233363245642
0.10378548958702868 0.0027399190676805365
0.10377671450703946 0.0026833977244603976
0.10377495949104162 0.00267209345581637
0.10377320447504376 0.002660789187172342
0.10377144945904593 0.0026494849185283143
0.1037696944430481 0.0026381806498842865
0.10376793942705023 0.0026268763812402588
0.1037661844110524 0.002615572112596231
0.10376442939505456 0.002604267843952203
0.1037626743790567 0.0025929635753081754
0.10376091936305887 0.0025816593066641477
0.10375916434706103 0.00257035503802012
0.10375740933106317 0.002559050769376092
0.10375565431506534 0.0025477465007320644
0.1037538992990675 0.0025364422320880366
0.10375214428306964 0.002525137963444009
0.10375038926707181 0.002513833694799981
0.10374863425107397 0.0025025294261559533
0.10374687923507611 0.0024912251575119255
0.10374512421907828 0.0024799208888678977
0.10374336920308044 0.00246861662022387
0.10374161418708258 0.002457312351579842
0.10373985917108475 0.0024460080829358144
0.10373810415508691 0.0024347038142917866
0.10429151919974011 0.0027286147990365087
0.10421678476849863 0.002714484463231474
0.1042150297525008 0.0027031801945874463
0.10421327473650296 0.0026918759259434186
0.10395397112282162 0.002423399545647759
0.10443923304622524 0.0027455712020025506
0.10471886559521493 0.002677745590138384
0.10464413116397345 0.002663615254333349
0.10464237614797561 0.002652310985689321
0.10464062113197778 0.0026410067170452934
0.10463886611597992 0.0026297024484012656
0.10463711109998208 0.002618398179757238
0.10463535608398425 0.00260709391111321
0.10463360106798639 0.0025957896424691823
0.10463184605198855 0.0025844853738251545
0.10463009103599072 0.0025731811051811267
0.10462833601999286 0.002561876836537099
0.10462658100399502 0.002550572567893071
0.10462482598799719 0.0025392682992490434
0.10462307097199933 0.0025279640306050156
0.10462131595600149 0.002516659761960988
0.10461956094000366 0.00250535549331696
0.1046178059240058 0.0024940512246729323
0.10461605090800796 0.0024827469560289046
0.10461429589201013 0.002471442687384877
0.10461254087601227 0.002460138418740849
0.10461078586001443 0.0024488341500968213
0.10439184761428347 0.0024403559486138003
0.1043905313522851 0.00243187774713078
0.10487184448969358 0.0027286147990365087
0.10487008947369575 0.002717310530392481
0.10508595644143048 0.002706006261748453
0.10508420142543262 0.0026947019931044254
0.10551725162290043 0.0026805716572993908
0.1055154966069026 0.002669267388655363
0.10551374159090476 0.0026579631200113352
0.1055119865749069 0.0026466588513673075
0.10551023155890907 0.0026353545827232797
0.10550847654291123 0.002624050314079252
0.10550672152691337 0.002612746045435224
0.10550496651091554 0.0026014417767911964
0.1055032114949177 0.0025901375081471686
0.10550145647891984 0.002578833239503141
0.10549970146292201 0.002567528970859113
0.10549794644692417 0.0025562247022150853
0.10549619143092631 0.0025449204335710575
0.10549443641492848 0.0025336161649270298
0.10549268139893064 0.002522311896283002
0.10549092638293278 0.002511007627638974
0.10548917136693495 0.0024997033589949464
0.10548741635093711 0.0024883990903509187
0.10526847810520618 0.0024799208888678977
0.10526672308920834 0.00246861662022387
0.10526540682720995 0.002460138418740849
0.10616441377210512 0.0026438327842063006
0.10616265875610728 0.002632528515562273
0.10616090374010945 0.002621224246918245
0.10615914872411158 0.0026099199782742173
0.10615739370811375 0.0025986157096301895
0.10615563869211592 0.0025873114409861618
0.10615388367611805 0.002576007172342134
0.10615212866012022 0.0025647029036981062
0.10615037364412239 0.0025533986350540785
0.10614861862812452 0.0025420943664100507
0.10614686361212669 0.0025307900977660225
0.10614510859612886 0.0025194858291219947
0.10614379233413046 0.002511007627638974